313 62 473 492 305 691 490 795 60 92 309 812 955 445 38 444 915 313 723 82 568 497 301 373
604 890 317 241 840 394 355 358 774 841 206 492 420 723 64 943 42 462 619 573 996 904 795 778
266 677 9 118 430 81 242 221 755 217 950 13 794 112 779 266 410 740 363 978 403 917 1000 116
984 278 841 779 193 680 347 975 976 642 130 786 45 675 9 854 844 653 32 814 889 691 467 487
532 345 277 428 706 348 385 645 531 500 143 166 764 769 723 432 933 161 864 363 677 394 253 378
221 988 101 522 163 917 881 385 749 598 33 421 560 618 436 857 151 258 818 400 483 579 834 562
137 562 501 515 200 543 781 67 407 982 619 507 577 429 425 788 656 398 56 768 693 739 609 983
889 18 934 755 475 378 651 259 519 284 560 541 945 630 793 400 975 666 736 437 926 303 745 585
788 468 949 884 314 279 971 316 378 13 234 60 250 4 637 619 15 858 747 880 804 634 378 335
684 890 324 345 8 877 291 571 813 458 575 417 338 756 819 616 96 910 286 881 995 815 428 908
884 148 169 858 585 517 257 849 860 118 245 942 37 831 120 540 976 316 399 124 865 273 547 770
880 732 879 964 116 898 765 787 286 833 795 691 611 1000 778 713 34 479 881 180 307 518 949 634
801 886 73 992 905 416 764 695 676 36 677 921 27 515 671 774 93 143 168 735 575 568 153 533
826 63 900 67 110 542 464 931 33 779 271 622 360 392 664 502 556 333 114 169 189 816 883 971
969 843 367 989 641 747 960 24 72 468 291 727 899 583 877 296 833 475 780 848 245 422 642 895
973 761 547 121 398 788 536 27 689 471 219 843 799 614 878 545 217 602 629 718 701 484 725 471
229 692 834 615 171 381 161 834 269 5 654 620 332 457 89 366 707 824 763 80 463 566 687 883
942 726 606 591 789 574 935 423 811 987 700 109 72 693 874 442 435 478 83 630 334 351 507 647
982 688 956 129 328 338 504 286 52 753 802 709 590 250 122 939 673 623 520 127 180 469 991 158
122 733 352 174 457 193 695 492 46 828 641 564 470 265 284 738 606 799 709 303 850 803 146 467
615 677 392 706 254 899 895 150 896 145 998 523 748 864 175 452 327 224 756 854 702 803 556 502
304 978 10 792 57 503 923 213 586 400 708 998 57 897 10 967 748 829 976 635 796 602 15 225
718 552 798 367 169 295 422 893 119 449 96 345 96 921 473 488 380 829 746 398 85 988 925 450
854 814 311 842 515 457 16 131 403 923 532 617 211 987 795 315 183 717 847 692 171 513 232 299
586 646 500 919 542 453 753 887 583 467 994 788 189 998 136 827 923 868 954 770 455 291 897 542
916 178 654 189 967 447 603 195 778 289 771 815 571 718 759 420 756 163 133 620 758 263 177 276
499 571 505 391 177 308 998 250 415 918 693 132 66 683 766 362 969 309 505 461 727 1000 218 705
154 211 353 424 362 966 709 974 606 356 530 446 896 592 413 801 86 762 448 321 612 302 729 968
300 989 374 477 709 193 543 818 277 25 443 916 127 948 256 411 791 425 991 553 233 163 741 271
527 569 491 871 225 84 637 758 991 192 621 106 336 12 645 408 355 548 259 378 209 887 723 797
745 837 429 484 12 781 361 739 663 783 498 278 167 338 328 896 535 485 140 836 773 387 557 111
602 924 871 846 80 244 80 25 625 749 178 914 608 454 177 811 126 228 532 730 757 983 136 65
146 486 816 280 9 100 298 203 731 419 962 552 73 474 290 901 626 899 822 425 558 212 605 408
896 158 560 673 37 872 948 806 455 486 113 300 588 681 996 510 708 600 481 611 167 477 491 603
799 341 911 753 405 120 822 799 179 555 235 625 684 377 510 116 453 300 908 382 580 546 250 560
760 749 537 957 29 303 426 406 128 432 923 292 806 543 257 878 541 675 911 235 180 214 983 292
693 384 579 267 817 391 753 997 641 545 551 534 305 104 124 654 845 67 472 845 882 669 333 700
296 846 928 600 219 525 746 27 731 192 345 818 361 833 158 233 132 980 658 733 161 341 831 974
4 161 774 623 823 266 462 262 134 517 126 830 383 202 457 752 825 788 848 156 239 301 196 359
805 535 353 84 68 237 190 750 304 389 358 496 737 710 288 536 11 558 629 856 47 474 352 231
883 704 992 30 419 178 47 299 30 601 391 190 848 481 671 841 159 171 27 497 755 239 180 751
278 801 862 500 550 730 806 411 654 52 31 441 34 193 954 220 236 154 937 916 961 182 255 549
17 903 69 570 384 483 973 926 65 846 829 783 608 598 137 509 179 887 906 526 863 61 93 185
415 679 966 831 44 72 360 845 936 445 722 571 108 217 964 648 919 102 638 492 977 279 660 361
486 810 827 676 58 379 694 68 886 336 909 893 705 962 24 831 399 860 882 522 240 390 154 111
682 91 272 992 374 122 993 17 534 836 118 916 121 760 403 701 302 392 560 389 557 447 338 465
393 392 69 109 28 383 743 393 631 991 617 289 637 453 618 585 415 502 299 531 131 232 906 291
906 886 216 124 516 856 121 527 722 708 637 433 2 529 869 991 857 435 734 344 139 657 678 325
793 223 421 940 223 877 795 69 45 559 82 857 332 460 857 843 587 378 234 13 582 879 605 599
898 560 386 639 458 505 39 994 605 911 657 823 315 719 683 205 925 19 922 993 388 925 870 752
398 615 517 34 928 220 201 149 630 305 809 984 290 732 593 442 7 825 140 498 83 873 579 958
619 171 952 518 733 14 759 824 854 257 113 853 43 339 576 82 392 958 739 590 610 869 816 454
569 690 44 545 193 928 500 88 331 886 995 190 375 545 76 835 259 4 829 744 123 542 62 889
376 953 686 372 94 321 568 849 720 54 924 684 776 598 343 511 897 924 879 976 821 592 259 980
92 904 117 902 165 419 400 890 256 920 458 520 779 695 158 819 449 897 307 899 156 604 999 209
553 108 86 742 868 940 808 350 835 85 785 696 815 861 977 265 77 981 934 310 980 379 641 530
246 494 521 816 826 823 727 381 935 746 649 189 641 789 723 646 39 745 956 165 471 328 324 339
384 299 91 167 455 375 376 962 301 522 789 327 678 676 767 859 344 306 308 44 882 708 177 151
644 384 283 772 638 362 858 110 610 875 278 979 818 372 836 6 951 426 561 468 480 771 210 757
251 334 901 498 496 842 454 949 557 290 413 407 528 358 876 38 705 597 739 662 207 80 659 808
374 22 104 543 603 792 118 384 59 634 20 894 333 360 122 395 464 275 691 633 914 578 796 70
25 536 388 969 198 806 953 362 538 364 337 500 997 646 889 399 109 682 908 663 235 164 470 838
911 661 132 192 233 419 650 927 462 496 832 558 970 286 856 360 393 849 919 561 422 849 878 218
939 308 608 517 321 843 186 584 618 512 624 750 935 927 831 634 829 810 651 305 718 761 339 281
322 582 586 91 922 169 261 669 795 612 363 886 530 874 286 120 54 125 396 906 92 567 81 304
493 390 914 865 321 308 261 737 836 984 737 730 556 521 159 907 389 139 265 604 411 79 300 585
257 760 727 435 242 237 740 167 262 21 960 486 258 419 676 73 518 651 271 767 372 104 2 561
905 305 156 850 159 326 697 487 905 628 909 794 501 537 233 856 514 914 420 76 766 831 390 203
220 467 676 764 636 796 147 148 263 63 774 338 913 489 567 673 638 125 459 872 908 282 818 937
584 500 492 511 265 601 762 710 514 963 363 436 313 794 751 730 623 834 156 749 287 644 554 549
630 320 579 989 30 272 577 692 398 479 463 204 16 440 765 193 382 928 254 773 788 504 881 818
145 674 286 426 166 530 36 551 408 686 870 150 816 308 657 151 354 118 488 912 36 290 288 854
163 269 620 418 848 688 890 530 999 697 994 313 745 250 553 863 925 92 294 543 699 458 770 374
459 800 610 807 270 153 693 352 754 120 166 293 908 848 31 2 625 751 105 135 817 224 491 388
882 29 384 292 947 571 928 984 710 819 38 785 995 170 622 889 53 205 369 475 491 874 327 39
238 340 842 847 315 397 9 968 298 104 709 459 265 51 441 949 731 430 667 27 497 951 50 562
654 447 66 321 950 934 686 28 588 796 468 315 102 688 226 851 329 771 582 290 653 863 162 612
652 147 857 820 976 154 592 953 797 827 288 844 452 614 273 92 972 700 195 259 10 700 643 414
345 319 24 722 501 811 972 977 249 289 456 613 718 312 59 975 560 498 351 341 201 308 127 497
488 560 326 438 131 667 831 131 248 102 979 130 945 44 532 238 323 779 72 336 506 914 263 968
309 140 189 267 919 867 28 313 548 727 655 91 355 667 357 793 41 30 768 331 473 832 272 565
334 194 601 959 286 735 74 42 392 577 941 361 568 480 617 315 635 574 123 623 163 66 970 978
653 304 809 830 772 576 634 132 289 58 999 308 83 414 722 672 87 631 793 22 335 827 760 147
310 917 708 549 665 231 24 771 9 397 576 327 831 76 568 400 870 395 308 129 165 281 359 545
797 236 58 938 854 461 173 723 473 686 581 674 892 478 164 732 352 294 807 465 298 51 270 653
821 522 927 401 459 441 858 651 496 798 518 957 686 454 286 889 872 849 505 538 333 279 258 118
812 973 974 830 79 900 180 775 585 102 142 896 216 97 873 631 427 803 10 215 45 290 358 327
861 585 481 103 728 718 573 353 231 145 986 204 192 724 223 287 179 437 896 999 923 136 143 370
46 682 259 516 775 1 852 716 409 707 650 690 106 188 208 743 229 236 159 65 866 589 304 625
336 19 815 766 474 950 46 840 221 917 971 950 583 567 51 134 358 336 441 170 76 354 774 453
532 625 421 338 900 44 47 675 886 326 482 239 580 525 411 201 675 402 165 776 509 549 921 720
932 821 972 398 367 350 327 720 536 126 780 396 260 889 794 555 389 872 962 12 434 759 565 138
686 56 763 545 658 986 236 579 499 912 699 907 618 237 545 328 136 725 30 311 934 186 842 646
18 503 575 40 631 51 645 460 31 680 424 475 176 536 943 938 573 189 315 842 418 707 162 323
789 567 719 356 33 535 942 874 697 945 924 707 327 124 151 945 181 69 636 80 479 864 781 556
79 724 897 153 595 34 646 988 844 189 356 754 147 581 37 245 480 602 164 136 657 105 753 434
750 375 45 44 729 290 148 380 861 15 310 28 760 282 131 56 105 6 874 679 943 786 260 624
187 605 531 753 402 858 344 173 192 711 50 346 562 673 219 452 436 152 856 585 90 758 598 187
659 47 345 511 19 446 173 770 287 109 114 103 900 557 351 412 743 17 635 638 66 558 317 67
9 239 167 811 374 712 306 683 942 940 938 331 10 953 261 614 35 840 881 912 214 520 283 249
621 168 458 870 9 569 528 179 729 75 363 749 303 298 469 459 65 147 132 676 936 318 679 796
849 894 950 399 543 286 545 722 471 334 185 167 313 42 571 58 195 65 446 934 5 773 193 262
381 450 181 540 806 933 240 446 951 785 119 840 894 945 486 154 61 592 83 953 788 928 916 200
220 405 951 89 840 954 650 143 311 685 819 623 471 586 662 214 247 742 637 384 991 715 711 753
229 786 849 329 102 925 149 480 837 495 845 54 437 919 514 175 409 730 231 832 727 735 57 554
461 257 226 114 442 773 632 448 80 634 703 697 16 874 597 565 557 619 677 983 989 964 639 420
691 736 257 34 666 18 679 256 519 882 362 362 153 337 277 993 430 93 724 638 855 402 189 563
880 861 979 775 783 807 989 157 197 618 859 55 279 21 914 227 185 281 792 268 998 987 343 305
504 969 433 38 241 810 578 940 54 284 909 769 3 39 822 341 824 785 828 932 312 295 524 528
940 522 315 603 725 251 504 61 881 772 634 460 65 217 509 669 78 352 160 678 758 832 116 331
384 130 752 415 362 625 141 648 121 629 801 821 130 434 965 543 693 834 500 775 720 950 435 641
971 597 101 780 382 891 253 857 937 261 223 715 234 543 8 43 301 378 471 382 467 691 268 733
68 663 908 37 575 189 389 322 271 551 181 355 965 658 951 239 356 989 302 508 544 96 975 917
926 344 414 309 114 365 348 655 828 556 31 606 703 853 98 661 798 910 577 374 152 768 438 855
147 64 229 183 568 862 739 251 194 204 369 5 488 558 839 975 435 461 167 528 862 745 354 244
666 962 95 438 176 748 893 867 528 157 385 347 347 219 341 90 194 276 744 315 212 965 629 841
187 83 833 155 715 947 631 705 535 261 315 965 150 979 114 185 740 99 506 572 42 859 906 71
287 327 896 842 527 950 666 979 667 249 97 30 317 453 952 380 125 544 997 630 610 894 462 687
627 365 141 398 530 556 636 207 742 611 646 505 958 878 13 38 432 516 170 4 834 68 11 218
972 911 725 54 300 433 30 692 453 808 369 583 263 179 55 920 615 175 66 358 230 693 155 187
970 30 238 618 526 548 537 935 439 240 807 739 218 751 82 677 972 647 756 607 365 967 504 321
888 402 491 653 434 746 552 954 886 640 550 726 974 989 914 421 972 868 428 261 899 166 729 249
755 699 569 417 990 36 878 746 851 810 803 147 439 875 450 327 355 255 759 371 553 470 49 400
611 508 47 705 963 368 861 362 754 868 241 434 921 151 625 534 734 101 950 676 557 736 929 95
814 456 502 914 166 947 491 336 750 425 44 356 896 870 329 787 130 878 77 801 424 742 986 60
594 458 722 958 464 377 217 444 913 357 244 404 218 391 798 588 142 856 625 635 100 717 374 836
319 258 220 885 347 170 491 23 446 91 776 665 356 72 238 801 708 712 360 213 842 181 156 822
159 686 968 291 174 431 307 327 356 580 861 25 480 243 697 967 648 41 909 730 372 398 424 929
105 280 472 901 381 746 244 663 304 368 619 834 460 226 442 803 447 942 703 539 151 984 188 75
536 218 583 915 255 566 766 272 563 432 40 352 111 456 357 605 965 99 151 229 829 453 275 8
789 703 670 969 78 646 813 195 304 708 702 621 265 997 122 551 35 13 196 144 222 766 774 170
428 240 53 832 727 310 915 600 639 471 872 584 479 981 180 120 142 316 630 957 352 152 772 605
164 451 829 177 43 603 370 310 133 990 886 577 457 794 764 125 639 335 814 134 416 754 402 127
619 366 474 44 561 613 225 490 735 119 926 547 523 10 491 68 184 309 680 420 724 903 451 233
388 353 861 846 402 510 86 755 312 748 601 589 704 411 273 820 364 943 158 676 953 41 68 488
106 89 584 19 427 95 8 153 259 287 948 678 255 593 581 836 699 214 415 691 274 605 295 366
448 267 712 684 949 894 989 763 859 582 764 681 692 987 302 406 472 586 539 819 194 409 466 782
283 930 384 908 608 110 818 896 364 956 387 17 677 314 712 653 88 66 557 543 169 313 719 782
418 625 847 442 200 946 297 112 982 269 310 570 301 778 318 272 907 763 921 323 330 224 137 134
641 773 864 17 570 125 90 553 227 187 288 700 612 539 598 237 762 864 856 341 876 727 277 797
996 937 587 577 856 622 724 311 321 59 803 474 454 251 874 949 590 201 197 984 982 884 105 492
516 901 321 34 694 918 490 805 615 83 23 456 938 724 860 569 900 829 608 185 277 993 590 871
831 725 787 417 179 312 261 420 207 670 663 674 124 986 618 508 7 272 321 970 218 350 477 989
373 208 779 508 672 88 494 866 228 184 365 609 738 297 955 299 243 363 773 811 952 319 996 94
128 401 367 331 776 572 921 996 470 464 481 327 996 908 513 346 584 852 790 660 466 229 518 929
113 119 1 86 50 386 687 65 335 808 423 84 857 601 68 271 414 183 192 740 116 914 424 55
50 590 189 403 292 425 966 664 275 324 929 41 292 318 791 838 338 124 968 481 851 930 698 909
928 688 604 998 451 363 286 792 194 832 913 915 371 402 493 689 286 159 395 182 715 735 994 584
393 390 781 108 517 726 105 824 497 718 773 694 262 258 117 377 321 817 756 259 436 389 214 562
185 398 772 297 938 825 382 329 750 418 283 759 463 471 971 407 876 342 515 202 192 556 831 875
50 77 409 493 401 94 158 984 129 453 485 17 824 676 489 294 349 394 119 564 871 855 484 434
845 141 59 361 53 620 412 63 130 171 181 915 214 723 510 843 277 675 791 628 398 853 609 491
767 745 997 365 478 915 701 220 224 625 947 420 873 922 350 149 512 672 954 564 957 244 107 488
922 903 802 136 8 226 347 569 411 249 777 341 802 431 174 32 125 907 180 221 177 2 318 745
673 400 395 977 200 905 180 265 876 256 758 580 746 50 427 906 969 393 801 882 617 561 810 741
468 627 619 643 536 665 105 84 185 912 423 183 607 1000 346 297 103 187 554 598 106 298 748 958
103 981 490 720 686 738 996 731 735 125 633 283 349 442 795 490 536 229 916 959 781 887 850 518
605 779 512 235 905 234 687 848 396 2 173 302 734 811 963 58 977 862 4 402 890 287 198 100
205 830 677 326 376 253 65 958 551 290 405 12 444 243 657 215 549 733 177 415 674 435 406 854
79 95 68 109 593 540 533 830 976 882 642 308 439 630 225 266 667 954 735 237 926 915 914 310
827 103 162 62 93 711 350 986 266 798 121 800 594 122 354 597 517 729 343 921 21 165 426 504
863 29 255 568 119 370 608 336 754 302 711 593 970 84 272 965 857 834 67 850 522 994 736 790
198 623 622 438 28 631 868 169 125 93 741 827 271 838 94 44 63 643 166 72 659 476 467 98
284 384 313 545 537 863 701 986 161 713 590 877 318 700 343 482 641 593 23 64 277 486 483 581
887 671 712 914 115 684 663 901 339 612 925 276 622 131 901 924 643 280 843 760 60 456 986 918
188 642 251 871 92 504 452 582 209 521 717 749 370 20 896 753 692 591 24 975 121 100 550 721
547 221 918 114 335 159 261 986 767 68 428 942 398 424 294 514 557 535 318 558 265 202 622 803
647 477 435 806 530 432 601 343 264 782 10 716 987 270 209 267 486 710 178 893 516 707 231 274
952 116 258 43 422 494 88 132 148 932 587 98 539 846 181 328 741 551 933 600 723 707 938 689
691 970 772 317 575 571 964 30 101 840 972 258 477 102 951 150 40 795 663 540 318 73 266 749
808 686 328 806 475 371 369 64 355 604 405 106 922 66 480 317 846 818 927 477 552 811 144 266
581 3 1000 616 60 67 618 440 744 402 131 378 990 906 228 869 706 777 716 9 794 406 108 384
859 305 204 329 987 880 994 785 194 771 736 293 770 449 962 462 100 708 281 620 693 720 286 280
117 357 568 445 225 550 827 787 590 562 340 169 316 180 594 70 480 7 711 961 307 220 416 825
773 394 681 596 785 248 860 449 234 461 67 572 218 26 816 230 461 963 409 704 492 590 415 949
478 990 617 621 670 708 175 457 323 260 414 875 593 471 546 42 363 259 840 595 156 16 266 668
313 358 366 870 371 636 181 371 171 289 396 323 542 778 438 421 545 608 202 542 178 682 221 20
103 16 557 330 469 680 432 643 103 683 628 959 432 383 982 315 245 941 891 855 77 281 591 390
296 973 117 439 185 503 281 666 231 392 707 23 545 738 938 886 851 821 914 991 759 574 642 942
99 868 743 683 943 762 638 361 556 112 546 673 944 150 136 876 833 991 621 404 903 297 336 157
833 709 332 347 268 28 344 12 104 553 544 134 609 414 879 632 760 235 402 364 826 951 954 684
691 157 751 11 599 935 909 341 31 703 714 638 184 276 488 532 109 963 232 843 888 277 843 12
361 495 583 646 842 114 651 48 914 23 186 745 899 22 727 793 827 186 204 833 768 453 817 666
205 722 744 433 724 700 469 300 657 720 688 921 497 740 138 879 823 809 435 687 187 307 953 934
952 427 95 638 296 445 784 895 729 532 914 460 235 38 533 998 858 398 975 353 895 92 812 328
86 367 444 163 136 743 400 92 676 694 915 118 286 271 165 422 524 847 624 597 2 610 335 287
411 916 579 627 87 112 299 314 100 985 878 54 119 566 335 601 264 613 766 576 974 736 934 828
449 797 199 75 606 903 623 240 568 42 965 945 676 184 447 308 626 426 639 363 875 625 533 143
663 778 910 677 42 312 377 981 137 358 61 369 423 23 777 296 211 663 648 279 670 158 572 364
670 236 643 25 427 962 588 344 454 613 603 824 600 287 460 194 4 777 628 142 662 403 242 979
917 765 150 870 583 607 948 404 622 283 844 972 241 639 463 619 46 479 188 785 406 154 451 630
507 247 461 426 654 757 202 868 288 677 216 983 790 353 551 748 634 561 511 449 647 820 299 265
122 41 424 570 350 251 783 959 653 822 663 65 393 279 518 814 516 549 272 902 126 225 52 896
259 233 747 572 501 96 469 806 338 868 82 553 176 656 177 270 760 600 533 404 325 103 903 415
204 88 137 187 741 83 62 560 331 934 268 147 101 69 887 590 265 305 773 852 467 326 5 222
463 139 461 224 390 4 357 729 442 550 989 171 203 80 622 948 100 313 427 731 351 176 557 632
591 573 43 953 863 488 914 454 973 132 80 935 312 353 844 250 123 966 572 712 849 180 950 298
617 838 485 943 177 772 386 708 559 138 702 588 547 285 689 243 588 329 662 10 135 322 225 124
521 635 664 194 387 923 428 652 366 836 140 32 192 458 234 702 673 313 418 858 968 662 375 411
450 711 771 677 18 335 438 620 103 854 780 781 751 447 855 898 147 797 297 690 611 660 225 198
637 128 549 610 819 511 643 480 552 912 163 854 274 775 928 851 608 908 143 911 202 747 929 47
215 918 96 110 415 457 296 327 555 430 233 64 267 62 407 82 4 894 930 341 657 939 330 738
367 300 890 55 680 198 998 766 657 904 186 308 768 661 10 861 374 251 723 689 427 526 697 615
530 866 906 257 905 237 395 239 871 243 536 710 407 317 52 160 30 13 245 678 680 148 605 557
586 416 975 328 91 981 772 150 240 459 311 728 530 653 177 810 594 388 688 659 741 782 962 805
243 355 762 812 923 433 305 752 166 402 484 574 707 521 490 589 628 149 655 826 857 443 457 130
65 816 1 462 277 699 978 30 692 441 54 559 196 502 872 208 778 450 372 396 605 644 927 70
836 932 884 757 312 93 431 70 191 269 397 216 199 117 469 450 644 979 545 342 542 893 414 209
211 924 723 17 475 891 245 629 163 241 780 300 967 522 632 909 823 636 521 550 884 796 918 745
868 923 289 720 7 18 438 901 86 924 172 36 94 744 809 102 822 123 612 497 327 533 118 810
582 690 457 879 753 223 165 698 523 770 745 198 564 750 160 889 793 143 743 807 305 762 555 285
949 663 34 586 370 524 901 534 929 74 687 904 377 877 898 470 289 109 800 299 269 248 56 84
692 980 931 66 240 976 611 341 864 654 235 197 836 437 623 412 485 532 307 361 824 749 399 139
749 417 44 867 683 37 670 794 559 897 44 802 806 526 162 457 576 520 339 785 771 960 494 567
604 398 483 27 266 106 537 478 30 110 295 640 533 336 669 71 281 34 787 390 405 560 569 749
544 491 53 321 313 989 466 379 194 332 167 965 831 508 8 988 677 838 375 57 627 639 151 305
804 65 101 959 913 368 738 426 687 24 566 228 734 324 669 208 786 302 60 30 702 76 832 183
795 32 131 324 24 544 197 69 327 313 246 25 911 780 738 187 640 476 701 574 729 629 88 363
860 822 819 618 474 7 94 117 428 707 709 728 441 829 679 213 750 105 143 364 159 803 668 888
266 29 314 505 957 630 494 323 411 436 524 664 755 341 936 171 195 503 85 198 926 785 313 209
371 385 959 136 324 513 777 443 411 858 939 938 831 576 628 204 774 456 387 899 17 978 805 82
174 989 830 122 768 793 970 749 829 577 942 266 960 200 830 984 915 561 693 497 557 939 627 479
693 941 713 347 701 944 941 229 32 207 142 407 662 155 226 582 304 689 509 64 732 757 728 268
873 824 423 701 426 368 708 952 646 942 118 75 568 909 123 160 416 470 118 795 128 168 171 618
962 681 585 106 897 321 376 331 138 351 106 405 352 896 98 971 410 977 981 198 300 951 659 379
578 413 276 426 172 462 463 264 650 67 186 358 29 167 799 402 85 31 496 487 661 389 214 904
887 775 166 127 358 576 635 376 266 288 333 650 204 569 636 27 843 784 262 551 998 846 514 53
618 364 28 785 137 255 93 856 177 255 977 70 78 981 403 909 856 511 227 92 200 760 651 351
843 295 775 808 195 582 143 611 429 134 963 289 304 396 74 636 893 766 372 784 26 574 324 537
732 463 394 964 119 121 706 718 219 953 44 522 13 908 289 813 504 330 790 577 972 414 729 983
736 569 427 577 605 737 767 402 923 536 287 632 569 880 293 989 510 613 329 476 575 561 643 714
888 322 875 502 25 61 41 30 319 575 44 556 899 847 344 261 990 431 158 423 719 990 497 1000
168 487 666 226 705 623 364 843 687 279 358 136 459 947 840 27 233 327 916 129 783 539 410 769
152 706 77 697 467 956 558 406 754 260 958 722 164 910 688 614 331 846 308 951 677 492 477 308
370 240 738 759 271 223 803 11 676 574 208 153 854 916 673 777 386 447 308 189 123 619 802 978
83 67 115 264 24 132 759 514 497 82 668 961 121 853 836 282 509 951 332 395 727 966 54 943
434 3 607 245 889 215 959 333 794 553 147 922 580 770 129 62 73 711 42 555 687 940 545 122
161 751 625 748 658 743 232 585 467 186 372 286 887 573 847 683 917 912 643 241 198 483 95 861
326 62 330 166 20 823 175 599 840 440 680 318 107 253 615 84 446 665 834 106 885 373 207 40
760 414 866 196 797 476 914 287 567 380 354 975 224 181 929 837 833 828 779 306 834 949 288 616
178 883 272 774 470 737 703 88 1 922 502 857 900 284 519 398 766 706 748 722 53 803 961 803
146 120 424 574 571 63 77 491 3 663 599 761 779 124 37 84 440 58 308 80 422 228 701 410
375 612 668 956 770 604 616 336 380 212 103 455 931 181 849 754 749 73 205 318 475 470 320 19
15 628 14 443 715 118 540 408 392 188 755 532 245 890 922 429 870 241 323 821 575 75 67 29
920 534 38 96 974 580 687 23 55 299 469 435 855 207 87 324 692 276 348 368 309 875 341 766
68 381 877 390 627 781 599 608 149 179 943 29 922 771 170 25 791 515 43 899 181 397 291 151
590 955 945 444 356 449 752 496 175 891 373 297 340 930 774 803 891 467 248 453 926 760 811 658
116 674 276 712 87 691 185 416 666 276 916 51 197 194 703 273 27 414 8 900 10 322 682 537
370 40 603 491 525 810 33 416 592 552 776 731 63 898 309 899 837 252 462 293 162 650 897 536
226 524 590 849 142 763 738 188 773 837 66 667 427 118 257 62 709 970 371 978 981 586 400 601
676 86 830 839 450 833 941 37 527 524 814 399 861 137 481 686 703 448 438 793 975 459 773 288
395 723 505 79 639 288 314 967 984 661 773 923 735 1000 336 630 471 495 788 969 585 738 632 857
867 733 852 90 886 75 854 615 771 753 891 953 549 955 213 353 613 274 264 596 18 664 719 298
266 589 804 961 932 849 398 17 27 674 612 563 221 821 126 557 168 564 408 748 980 660 992 745
535 624 457 225 727 867 359 437 923 586 364 820 890 573 34 816 197 491 273 630 613 552 188 28
376 904 250 34 241 553 961 732 165 41 895 247 73 689 902 388 642 683 456 349 230 906 639 336
85 1 984 994 750 766 475 993 159 684 328 239 231 62 777 724 931 980 980 166 648 20 355 222
440 545 75 270 171 75 220 434 794 227 75 775 95 497 383 382 12 150 918 335 220 354 621 422
97 747 678 807 284 574 342 766 43 605 3 44 297 110 992 333 765 257 890 880 871 457 633 244
169 306 560 782 894 30 631 537 830 493 482 818 149 155 586 893 9 609 825 924 718 674 936 473
976 362 875 632 281 423 889 156 865 590 206 711 644 87 585 759 529 444 628 416 103 177 659 46
123 415 211 280 490 145 608 601 385 344 920 645 993 884 628 876 839 793 624 366 106 116 827 980
387 387 552 393 302 427 971 28 22 40 439 154 277 945 186 121 630 160 937 951 862 932 256 257
100 233 44 793 950 763 449 759 221 407 605 364 46 83 18 29 86 960 164 75 267 116 785 680
972 770 704 374 909 398 478 397 929 179 55 772 922 424 726 49 537 872 14 271 885 982 870 909
564 657 451 128 335 152 7 23 493 257 951 159 552 251 916 52 142 523 762 17 133 209 789 156
854 667 93 130 970 133 917 733 965 412 40 260 461 74 749 79 541 180 693 846 77 235 977 291
599 703 178 602 598 137 563 970 276 681 706 35 656 488 861 550 688 362 880 847 395 766 257 312
430 190 820 395 371 762 970 402 957 876 877 658 28 597 943 428 309 539 981 407 358 955 960 428
906 791 896 509 569 548 432 311 381 888 934 563 897 54 476 52 689 340 891 309 869 49 226 233
940 595 265 497 644 667 522 733 700 679 17 171 265 7 388 639 722 933 436 533 924 533 963 690
333 208 865 859 592 979 793 829 950 156 344 136 599 497 646 663 445 501 449 377 27 78 256 924
332 407 861 784 1000 465 660 210 6 329 448 232 233 100 38 616 491 979 900 736 421 826 216 33
440 277 200 853 331 369 237 206 340 422 466 222 684 849 668 852 161 465 950 663 183 812 549 422
904 998 225 539 272 557 146 301 794 864 855 322 494 746 913 531 70 983 68 553 522 561 334 365
597 708 237 628 229 901 538 223 793 314 182 121 388 385 869 855 561 508 598 568 845 155 799 796
234 93 129 912 273 744 866 411 717 158 882 44 843 496 524 111 343 426 418 144 422 312 84 545
121 643 492 746 134 707 149 844 384 121 94 734 388 450 203 221 38 842 564 697 722 272 261 515
896 723 822 351 56 414 749 463 814 934 995 948 203 4 13 807 604 407 979 885 740 531 131 506
945 891 719 938 579 902 921 669 767 211 244 823 845 855 321 977 827 581 742 17 895 720 541 702
461 123 204 37 595 784 652 612 708 958 434 619 183 767 522 335 318 506 450 479 327 159 253 11
325 861 566 608 226 427 540 278 193 385 686 291 848 336 604 925 734 895 606 278 646 902 611 770
280 65 339 822 368 722 734 580 834 929 771 506 793 678 280 105 165 613 170 56 491 292 528 534
78 673 331 582 967 209 193 947 324 673 400 947 773 578 684 572 879 867 661 183 444 334 547 925
559 140 820 173 351 625 783 134 203 557 560 16 822 903 915 23 880 175 428 788 132 422 997 778
861 978 310 618 190 142 954 243 321 73 53 294 57 313 920 182 986 527 998 817 601 222 491 62
209 469 486 618 923 869 34 176 200 337 589 355 373 568 488 172 361 404 627 503 276 738 297 310
979 951 250 166 699 377 387 1 729 732 114 804 869 974 365 461 708 589 437 820 78 870 327 528
992 371 980 198 186 323 945 974 919 512 224 625 58 759 751 873 579 911 793 804 536 999 765 833
233 993 392 885 800 435 884 177 637 65 814 212 206 422 690 371 483 373 777 826 955 391 592 273
445 460 654 420 189 431 453 21 536 724 358 677 359 351 121 627 764 294 932 190 970 468 521 588
299 607 617 410 43 634 213 81 630 319 445 300 890 243 589 571 426 422 635 646 63 238 103 872
90 692 329 218 560 358 205 11 206 866 453 214 641 140 890 433 376 155 739 684 856 417 16 377
148 982 188 877 126 330 799 490 24 78 522 696 976 99 157 987 759 306 393 711 272 57 803 934
433 843 398 413 58 707 252 463 10 612 179 653 331 802 144 985 364 71 143 464 872 695 559 724
992 757 591 698 459 480 217 135 883 206 282 171 74 657 734 14 272 123 733 268 945 349 342 383
244 943 774 179 527 296 728 456 426 151 151 233 756 159 911 249 212 997 214 995 192 866 311 660
278 481 969 93 887 13 419 77 330 735 31 942 77 581 731 843 323 187 275 826 46 453 863 122
626 136 192 18 763 505 989 7 841 605 270 887 138 268 34 921 263 616 907 171 988 406 259 633
203 262 660 876 77 530 175 452 628 193 847 476 803 87 921 422 873 410 810 361 409 343 530 574
362 494 353 730 789 693 739 566 594 639 150 360 253 825 258 258 837 125 160 953 846 480 651 59
273 111 329 991 58 804 242 97 565 873 117 302 44 570 706 535 50 871 634 771 675 744 261 603
58 264 419 889 44 172 610 149 61 769 154 84 250 384 53 794 625 968 834 18 583 769 421 989
399 473 198 305 429 615 751 558 607 548 437 325 524 792 855 526 757 85 475 88 378 59 198 311
560 61 356 332 979 257 737 594 264 848 520 305 127 894 645 430 877 7 7 908 988 876 65 413
19 454 873 158 721 380 321 979 348 116 347 145 275 140 219 138 810 455 523 942 697 623 389 221
166 500 619 139 564 880 784 452 527 259 89 969 367 51 779 408 871 635 114 185 962 793 513 688
762 237 273 158 425 125 393 360 740 702 420 877 912 449 912 988 113 418 51 778 371 757 200 331
113 771 695 627 207 261 960 999 659 289 128 856 242 966 704 660 163 334 425 85 574 935 450 600
148 186 147 740 174 245 288 702 608 686 199 975 327 893 469 170 362 786 141 332 265 158 944 550
862 653 981 837 578 162 494 883 178 198 753 468 267 653 876 38 132 166 390 185 523 241 633 550
818 150 702 970 587 608 487 534 951 185 479 567 289 440 477 482 799 771 4 851 107 87 237 13
654 474 523 42 852 194 97 899 63 478 446 180 319 828 891 919 301 713 311 566 514 838 659 371
803 450 818 113 280 452 634 307 529 470 435 784 456 375 176 792 483 211 395 579 877 888 576 778
862 509 91 739 850 695 878 390 549 804 174 129 917 531 128 694 945 960 878 981 41 782 724 276
326 61 363 440 524 616 760 177 235 820 107 601 292 387 534 22 609 478 632 989 360 314 636 395
621 317 107 659 603 677 253 779 453 179 603 374 159 56 633 637 493 607 40 533 84 349 841 429
642 487 111 809 77 575 232 665 750 333 718 675 406 729 298 269 357 582 706 268 358 172 793 859
250 524 924 277 817 333 312 733 534 766 913 796 823 705 707 642 199 337 735 345 212 406 38 654
412 823 750 478 664 801 926 692 986 160 355 691 788 933 507 548 777 969 993 564 63 788 373 441
954 548 944 322 751 619 163 448 388 915 701 264 125 856 732 354 616 520 957 751 598 347 28 762
108 512 490 691 628 931 116 500 813 690 484 714 459 606 994 672 209 505 64 478 87 782 112 900
311 761 93 797 9 392 754 569 388 877 498 539 637 844 707 170 338 851 680 471 447 82 848 16
958 295 777 506 232 262 594 940 570 179 823 40 40 778 345 754 740 154 89 314 659 667 353 565
48 593 135 1 733 627 657 241 141 716 366 454 870 164 16 614 543 444 123 308 326 615 976 221
929 845 590 380 128 51 505 654 863 313 59 52 718 327 840 839 192 849 341 584 475 754 456 808
597 82 341 49 716 186 334 779 998 906 107 823 9 488 914 608 806 853 866 836 914 665 414 943
234 600 845 9 482 143 414 625 146 216 909 582 129 963 863 170 151 48 298 264 713 887 934 391
945 362 1 405 920 667 371 479 87 123 559 627 318 995 238 102 712 546 311 600 654 872 253 356
888 285 399 924 259 403 82 608 591 401 35 278 654 287 287 575 524 492 842 307 701 480 812 186
255 589 287 917 904 808 186 49 387 730 497 935 696 523 838 599 744 312 996 315 825 56 197 222
787 622 141 334 174 478 481 944 739 161 301 469 616 406 329 492 138 646 57 904 759 384 706 781
787 819 959 845 663 968 711 174 337 445 631 94 896 33 232 45 956 112 249 572 509 55 577 492
829 739 693 730 793 362 517 248 439 897 884 40 898 621 381 112 870 331 120 11 685 58 128 468
596 314 424 412 380 165 543 705 477 711 193 660 910 896 984 612 942 874 698 543 985 615 320 49
572 762 198 738 304 288 986 479 568 897 724 807 461 682 308 164 814 55 796 612 410 567 512 97
514 800 637 342 583 186 71 984 628 253 634 595 6 484 308 849 573 730 118 199 20 858 406 63
918 103 716 731 444 431 246 886 43 48 831 900 281 105 724 815 981 529 27 256 318 888 463 322
922 159 357 911 214 264 74 791 101 324 912 205 928 593 384 716 35 184 140 523 579 812 285 491
344 940 706 690 85 928 117 338 613 993 933 644 190 60 743 210 38 873 118 329 710 39 730 721
807 70 244 996 112 814 293 422 452 144 877 346 761 169 911 998 646 739 294 231 439 510 777 192
155 386 115 819 981 716 498 526 935 227 974 450 128 322 690 135 579 21 25 596 946 519 396 289
598 85 306 636 400 746 473 399 260 33 255 373 946 858 369 595 953 446 907 495 217 146 936 185
288 850 564 420 175 685 211 551 442 639 962 207 310 789 300 313 428 810 234 485 736 568 798 824
293 648 194 591 288 835 382 306 449 734 731 344 964 872 515 195 623 913 346 173 306 814 393 523
135 91 122 514 571 646 567 384 488 992 656 676 797 68 883 821 490 266 744 631 95 744 666 676
372 556 847 401 780 666 297 253 639 422 631 987 179 666 595 819 615 241 113 42 222 297 671 301
910 460 192 720 156 620 154 713 284 843 615 391 980 627 957 146 619 575 643 173 458 309 987 387
990 365 975 463 795 638 469 471 37 916 693 910 334 937 780 754 135 407 279 530 865 431 966 299
55 838 984 890 393 942 346 659 116 407 80 565 475 11 860 367 36 251 786 303 454 947 85 702
956 227 906 593 202 535 55 538 362 571 447 569 220 440 324 359 882 591 776 458 178 537 909 742
169 765 88 991 266 673 35 878 351 864 213 494 926 630 837 957 775 996 67 573 840 277 432 464
4 684 265 610 255 171 26 725 301 365 685 494 989 115 949 249 72 941 30 285 734 411 799 698
981 250 649 751 488 843 93 545 723 603 183 972 218 603 88 728 664 743 789 449 100 702 680 888
840 885 9 411 947 595 548 983 7 684 535 261 643 31 946 361 754 278 439 355 717 391 802 603
861 793 633 547 374 999 44 703 411 909 591 205 604 183 302 394 348 403 634 628 196 65 407 707
480 764 307 55 770 358 332 49 127 285 621 724 172 657 504 400 905 247 212 646 821 980 633 412
355 74 697 57 865 575 468 507 398 596 755 731 240 234 158 270 836 791 729 599 984 619 100 706
371 640 771 354 388 360 459 189 866 967 838 1000 858 932 758 159 816 405 37 529 561 544 199 879
262 855 152 160 216 575 625 838 613 72 337 843 626 286 293 592 93 254 308 968 791 821 848 128
799 775 528 458 715 750 181 61 588 416 206 704 235 666 63 223 258 754 113 25 488 571 728 474
753 560 524 593 852 75 802 795 367 353 812 17 463 648 253 976 162 481 477 28 652 437 265 466
77 362 647 957 910 399 187 214 453 757 340 944 214 752 988 547 938 213 18 71 818 1 859 416
7 50 218 862 869 40 879 574 560 519 296 842 417 89 912 497 323 14 572 87 701 465 133 124
26 463 408 976 778 439 851 715 582 286 1 564 864 692 534 419 734 532 935 282 972 114 210 345
902 93 772 902 707 959 626 214 190 105 211 956 299 594 860 905 788 938 614 52 233 375 269 466
236 378 922 780 80 367 941 400 268 900 253 146 355 942 74 297 224 148 715 729 522 497 917 121
228 17 214 998 481 793 212 734 631 938 307 488 140 673 270 457 426 279 365 764 914 164 110 740
610 968 599 380 255 215 315 262 714 714 723 262 561 575 515 23 988 482 295 207 50 565 651 244
938 65 14 454 467 746 448 141 208 914 522 493 699 745 732 896 31 578 480 584 663 728 529 380
701 406 959 645 57 291 76 457 808 375 445 481 824 759 186 926 210 175 962 521 422 156 597 417
939 935 136 519 255 343 240 819 553 219 202 909 858 87 567 42 620 162 257 740 684 52 367 190
327 885 298 414 589 978 709 453 436 562 811 631 374 548 945 291 48 772 965 261 957 690 916 724
913 9 686 70 55 332 777 797 243 487 152 498 444 848 104 525 265 612 486 925 165 712 188 905
974 750 695 120 265 107 684 793 824 179 122 816 917 494 10 717 309 341 970 597 28 397 175 949
675 782 655 539 672 900 936 397 229 403 51 310 952 630 438 134 966 912 890 644 137 200 764 629
485 585 867 408 164 394 39 998 427 740 227 682 875 577 9 847 889 535 871 561 551 103 248 510
563 972 268 604 632 706 404 761 545 245 707 133 684 137 155 310 54 799 672 823 983 561 768 655
531 736 381 263 309 440 429 94 835 448 768 442 789 942 765 985 514 597 442 350 902 97 193 539
372 833 421 129 976 227 36 752 806 869 657 463 791 388 536 253 631 797 654 166 126 843 207 163
370 775 700 140 346 805 152 269 234 457 517 151 388 963 285 79 257 804 338 119 732 548 604 575
312 146 721 859 206 926 922 742 990 634 622 462 733 995 725 168 543 448 513 767 355 874 66 299
391 407 586 601 139 639 642 158 887 839 318 740 807 120 488 597 343 857 945 783 199 1 925 395
509 415 622 369 900 733 687 773 2 771 301 439 644 15 378 139 395 232 622 481 334 845 676 127
941 318 346 949 774 390 944 259 158 725 117 299 474 187 146 775 742 704 580 327 108 432 250 473
538 744 163 767 482 341 507 598 530 692 22 314 110 859 276 122 90 674 977 538 748 214 311 964
941 462 432 374 470 65 652 973 567 156 597 114 155 245 553 742 40 315 532 114 460 376 87 564
490 911 793 650 649 822 351 102 677 737 735 602 853 771 424 584 414 154 734 926 629 427 499 596
782 294 878 97 905 572 828 783 384 110 910 963 655 6 414 27 103 891 454 699 913 612 597 921
79 130 807 815 968 58 943 601 889 867 850 393 830 378 107 254 151 895 833 10 332 951 564 869
10 442 97 21 448 618 384 49 257 230 2 160 687 951 455 946 20 15 607 645 653 925 805 639
278 8 871 221 124 488 953 522 658 799 431 841 242 801 427 514 231 652 228 924 670 132 881 159
298 320 513 382 804 678 447 941 372 738 39 856 395 797 260 364 836 246 445 851 174 427 288 628
997 193 143 713 332 671 900 959 514 78 231 647 948 830 817 914 418 590 208 198 716 360 366 225
194 179 555 913 567 528 190 1000 653 45 431 95 36 763 828 342 568 658 51 870 466 945 826 715
286 207 504 989 407 165 286 607 808 593 74 59 793 674 13 316 33 847 322 158 758 54 676 934
166 111 483 999 185 849 636 820 492 547 955 117 330 162 353 154 3 812 919 745 124 981 539 377
588 981 368 327 1 225 455 581 770 34 93 870 348 770 19 173 206 301 396 560 921 968 644 375
424 479 575 346 835 388 940 374 520 116 470 428 962 815 728 192 789 676 588 839 849 733 984 597
510 570 610 569 489 816 661 608 357 792 306 914 556 164 525 425 169 15 149 997 944 304 421 839
30 301 154 652 705 197 637 450 908 786 735 108 749 766 266 242 303 985 616 173 876 683 730 356
643 573 71 849 23 442 875 100 391 798 43 575 790 951 308 534 84 884 912 545 616 151 859 190
794 66 964 776 193 433 366 734 705 119 823 888 963 827 156 649 807 541 409 770 803 251 910 251
912 727 181 586 246 291 806 604 469 802 723 798 820 288 107 148 903 968 937 170 381 734 603 108
451 500 397 918 506 218 564 10 713 776 632 467 320 436 124 847 394 956 393 496 334 23 237 740
958 210 163 222 162 195 641 138 175 601 478 99 195 472 466 883 765 15 807 392 592 981 410 712
631 769 62 303 181 80 642 991 396 767 995 596 124 325 835 781 209 335 36 913 428 31 1 517
61 125 345 221 672 912 21 892 65 698 120 83 528 584 50 751 429 682 444 692 931 909 193 62
106 620 207 861 5 446 116 286 320 903 886 406 73 513 505 702 467 401 219 629 364 613 529 520
95 675 64 816 263 221 722 826 938 911 963 967 195 197 935 699 240 939 216 185 493 321 283 44
823 969 487 417 855 710 230 983 635 936 225 494 225 110 238 839 746 562 450 659 210 334 631 60
16 535 670 15 361 329 577 630 901 418 985 603 944 652 374 789 132 173 638 37 18 327 418 126
232 431 575 887 938 366 538 375 90 881 780 263 627 441 594 452 72 419 426 280 207 468 502 586
392 914 131 354 847 104 104 574 706 746 846 507 917 406 526 504 164 477 174 145 797 173 953 500
386 283 131 973 952 703 966 304 78 48 668 14 95 982 863 770 283 215 452 904 563 561 614 577
460 803 724 914 229 612 369 732 886 201 245 393 572 934 671 683 96 629 632 563 730 893 790 99
332 381 607 864 649 572 841 642 225 247 951 297 670 617 582 295 187 726 196 437 151 541 68 58
225 921 342 83 973 486 565 86 166 239 132 709 31 710 383 579 492 275 667 186 45 273 537 993
291 507 407 441 311 719 400 392 5 696 830 8 215 710 757 995 994 92 294 662 625 912 922 254
90 851 880 574 500 597 816 10 661 279 261 676 321 747 191 556 868 783 866 188 179 638 381 670
115 663 893 483 637 177 261 927 899 117 942 745 690 490 319 874 543 93 310 106 443 505 995 864
520 863 232 202 337 549 703 630 364 455 599 338 39 207 199 909 364 310 946 712 320 942 193 682
536 807 738 383 538 237 382 852 582 522 247 919 574 257 297 418 810 361 538 928 296 295 642 471
249 935 378 907 933 486 14 569 415 815 73 101 921 573 186 312 465 543 538 316 103 693 349 189
699 526 129 865 345 471 975 998 647 191 15 115 953 904 216 424 198 38 146 297 458 791 997 576
510 458 71 536 630 725 212 560 655 454 171 297 820 893 678 398 241 643 78 668 975 176 774 863
473 157 310 198 922 336 905 43 369 344 419 209 771 249 214 702 121 374 183 785 533 484 198 760
813 142 626 881 301 691 134 450 965 97 893 230 595 586 491 967 639 871 289 7 716 509 714 686
59 842 985 429 199 831 62 261 996 1 207 739 733 696 392 163 360 764 918 260 120 870 72 486
747 602 298 462 140 680 405 78 897 611 539 241 416 319 249 320 293 418 761 839 616 1000 726 115
374 33 59 104 603 730 192 905 84 536 994 31 375 697 869 782 720 733 36 776 888 530 807 10
327 146 765 574 121 932 77 525 76 975 856 273 969 443 370 228 384 911 134 407 820 332 388 136
724 925 229 3 907 878 721 712 357 419 634 575 791 543 80 937 459 353 176 978 560 786 87 941
367 249 205 80 609 526 995 258 904 176 27 436 80 504 31 25 29 121 373 399 328 58 242 690
260 350 925 377 989 51 33 43 612 654 200 157 522 967 780 637 7 609 325 505 304 418 200 919
393 214 471 466 635 583 375 637 34 555 9 80 245 313 600 330 700 363 645 420 156 918 447 982
724 591 93 185 995 890 733 148 155 406 55 250 104 59 278 114 471 203 548 897 41 945 623 923
593 537 868 642 335 297 120 313 141 93 717 872 567 89 45 899 190 78 288 713 158 464 663 163
973 655 338 840 423 388 376 58 267 317 527 149 776 7 397 309 428 302 577 507 156 979 579 710
299 452 17 999 38 269 340 997 470 137 558 374 614 163 813 110 601 116 385 635 7 512 657 900
793 477 895 955 602 459 174 616 219 19 675 367 847 141 647 725 493 721 738 918 124 142 62 879
503 169 331 224 528 671 616 113 673 65 813 627 672 751 682 567 879 208 428 386 839 899 128 317
498 567 970 597 99 62 168 125 302 331 658 786 229 812 131 168 183 58 734 360 542 47 839 75
913 312 576 366 956 713 467 826 432 403 364 240 925 292 85 343 376 124 587 496 54 65 257 819
811 604 908 540 520 399 380 128 415 658 202 52 621 566 666 859 562 261 769 635 78 851 923 802
37 36 37 653 916 940 551 953 365 867 270 479 27 858 411 347 950 30 72 561 778 952 478 294
536 465 727 25 231 671 437 826 668 68 656 739 860 152 630 433 168 139 524 43 824 868 22 390
813 346 781 570 179 832 85 249 713 864 689 864 602 118 771 321 102 533 91 734 483 709 976 191
507 196 483 523 488 909 161 609 534 575 160 752 931 837 32 308 732 317 478 816 558 756 454 564
259 100 513 681 595 232 991 574 326 916 655 767 140 383 746 963 643 913 915 472 275 725 404 983
330 431 995 5 470 365 639 232 28 98 393 496 134 539 302 942 176 131 79 552 424 762 40 167
674 207 535 717 639 83 259 439 417 544 189 517 811 206 598 684 403 59 525 35 334 474 318 506
405 742 414 209 733 976 262 108 426 625 440 288 916 280 309 459 397 961 262 150 512 538 469 494
865 518 300 407 137 984 36 428 614 80 272 504 687 57 462 493 469 579 374 241 13 674 850 670
736 440 135 416 566 387 240 234 15 60 233 534 860 450 95 166 343 514 810 760 861 27 633 763
907 902 64 570 636 63 940 7 788 926 158 794 874 558 3 503 461 618 735 970 109 265 82 63
24 312 564 232 761 43 83 250 385 265 112 152 332 392 835 436 862 537 74 224 355 906 438 213
948 22 137 957 944 663 91 200 176 751 533 739 55 786 54 580 345 855 148 928 779 705 666 923
547 800 227 868 292 852 562 121 745 794 966 749 296 799 522 482 850 479 524 531 47 105 585 332
539 294 227 349 325 351 368 653 280 137 28 101 942 144 719 607 276 201 471 164 628 79 143 991
324 124 730 424 403 908 637 948 787 814 483 58 778 435 868 499 169 596 665 769 380 884 826 711
6 546 392 406 854 736 392 574 54 154 574 170 136 301 455 887 982 680 21 834 449 526 506 744
65 843 66 688 608 784 863 414 575 722 990 125 502 660 936 691 866 989 791 83 826 985 190 33
354 859 75 776 437 608 723 51 881 391 109 393 906 689 619 169 179 5 319 729 129 482 472 511
405 359 768 921 101 890 765 353 975 951 400 744 175 286 989 680 166 91 85 142 431 342 682 682
205 107 749 951 989 894 787 253 827 916 128 5 364 76 997 803 520 352 925 47 214 239 983 957
925 863 410 163 76 400 685 948 118 468 744 662 943 236 61 783 753 95 572 598 770 865 959 488
275 684 655 381 267 924 24 1000 688 682 587 161 566 702 799 532 589 809 882 930 627 324 423 460
456 223 958 530 455 239 603 63 395 467 812 18 497 531 755 682 836 817 419 64 816 784 474 100
885 927 135 340 869 523 758 227 314 880 646 77 11 481 627 400 414 36 245 243 61 188 67 853
169 311 468 23 529 645 435 199 498 743 388 552 348 83 761 959 506 507 81 83 216 62 593 484
3 723 70 47 894 411 285 812 728 720 769 670 52 767 921 297 29 602 215 117 516 716 246 58
953 270 628 338 11 789 292 580 980 272 577 58 753 813 598 22 866 98 792 610 476 378 185 55
327 816 907 542 758 425 697 292 520 170 664 204 726 193 371 634 566 516 374 738 505 56 738 85
570 231 653 179 990 972 229 869 865 469 740 600 810 580 75 900 459 400 911 489 561 170 189 933
899 299 788 812 670 53 911 958 33 123 577 442 484 71 803 644 382 459 505 895 422 252 877 925
107 959 23 577 307 873 945 12 786 647 518 968 209 427 979 423 472 731 607 444 399 246 646 833
758 798 281 677 274 790 437 819 832 510 426 800 332 858 44 810 718 195 526 782 562 211 889 809
203 953 572 710 834 381 979 714 157 159 456 903 142 650 485 281 228 490 401 65 803 467 709 77
124 855 197 920 944 803 354 961 960 858 292 1000 893 192 251 924 403 676 6 551 311 474 952 354
563 475 424 733 163 479 859 35 883 743 730 567 876 171 786 457 470 176 44 306 292 991 127 244
618 989 18 186 242 419 24 770 474 783 751 740 863 995 219 279 81 349 791 118 986 306 473 81
267 32 273 103 209 702 734 627 105 544 462 770 484 737 449 545 913 342 256 977 334 580 692 942
21 962 413 118 40 927 12 542 770 932 554 852 389 133 156 483 481 139 220 728 844 602 93 823
346 792 518 913 222 661 978 93 481 339 142 450 236 435 989 442 603 994 802 751 493 486 175 208
63 725 355 260 796 194 745 970 197 854 157 474 856 159 438 402 223 634 442 772 743 118 909 497
163 441 739 735 703 127 264 971 498 450 639 904 153 20 172 919 542 935 421 166 983 388 218 44
752 566 337 207 493 602 380 8 445 330 600 726 575 604 829 742 650 958 329 352 975 501 428 769
62 989 23 453 743 195 610 858 324 843 320 280 218 557 537 580 112 540 98 135 141 908 707 579
733 940 186 511 738 798 404 622 232 628 229 383 897 349 678 748 207 834 491 109 743 654 731 88
814 7 636 616 258 997 903 153 694 928 754 818 750 890 639 683 773 484 194 462 302 185 119 351
186 496 968 842 523 763 452 903 765 210 767 61 217 556 588 537 847 342 881 802 813 903 372 604
344 816 549 782 644 494 388 935 324 542 526 342 435 413 516 357 558 903 909 854 591 20 340 234
758 795 499 899 139 693 850 79 490 372 238 397 409 668 60 558 974 865 504 133 818 491 489 464
240 106 303 374 339 833 637 463 377 630 640 515 516 670 882 686 841 500 604 946 117 86 450 481
30 214 951 582 764 201 375 893 631 336 230 743 157 971 601 688 425 729 720 339 723 880 648 985
552 508 728 535 792 762 486 817 444 111 26 340 654 264 541 181 899 94 467 827 84 706 990 400
21 552 53 907 194 334 749 862 6 274 13 855 699 230 818 445 979 30 648 31 954 375 901 209
377 600 3 490 351 623 444 152 574 440 637 415 933 586 517 120 755 106 25 564 312 692 196 162
221 817 394 189 248 906 344 917 636 777 1 92 485 886 972 840 913 161 166 782 681 564 570 331
721 854 576 913 548 404 80 95 836 360 649 448 536 858 418 280 809 491 7 240 661 757 705 234
668 708 317 965 328 646 616 925 637 266 61 617 242 322 513 353 79 519 8 980 767 69 255 519
156 29 414 790 307 356 878 761 910 347 263 523 580 992 512 534 749 605 50 986 876 991 238 939
555 292 919 180 633 666 761 578 892 842 174 100 951 689 82 538 28 915 456 426 876 121 564 593
757 505 118 298 554 687 65 906 224 242 592 612 608 770 36 841 253 524 760 526 331 901 752 655
870 368 645 125 548 743 89 177 15 82 937 428 231 810 491 762 665 165 138 191 237 446 61 102
823 53 375 178 741 806 914 704 119 578 157 859 240 835 217 103 976 293 609 720 193 524 568 129
577 21 975 624 678 916 630 783 98 270 419 917 637 641 174 563 934 381 415 224 571 971 946 269
888 550 258 115 780 649 17 649 547 100 478 96 493 3 524 409 314 621 197 610 489 94 964 429
830 875 717 984 52 902 452 252 741 577 862 529 365 802 605 146 50 445 872 215 682 841 949 319
513 138 882 626 881 562 34 99 810 971 256 133 249 385 640 150 462 524 341 475 585 792 752 24
717 529 390 191 980 829 212 644 870 675 727 591 870 672 197 505 754 185 401 210 200 260 950 680
363 320 896 942 813 255 409 934 834 176 665 284 394 833 652 524 257 394 528 388 580 46 319 492
48 688 214 864 78 782 418 522 836 295 595 519 891 554 171 675 107 731 384 485 992 641 824 576
73 501 332 408 61 319 566 851 472 609 229 665 107 199 973 909 299 27 209 773 101 913 645 353
672 489 183 458 946 668 925 614 306 230 406 50 389 405 892 606 328 573 476 169 728 580 2 481
395 464 300 874 401 812 71 790 348 360 804 729 819 907 479 622 863 80 442 472 19 11 788 539
831 509 755 230 12 897 148 370 435 277 555 469 896 630 187 176 150 800 487 122 107 138 265 969
134 298 21 594 388 409 271 979 737 691 159 566 326 349 370 550 96 474 379 811 565 535 351 984
47 976 620 451 29 379 497 884 819 616 327 347 766 447 130 829 229 37 849 569 251 946 248 433
366 257 726 135 244 622 906 121 971 196 645 453 564 588 258 171 995 236 107 173 360 820 415 851
51 661 81 371 741 338 535 708 742 136 188 281 851 313 797 336 73 577 200 984 746 623 178 180
439 65 884 780 665 583 187 198 892 665 476 158 541 889 971 442 675 288 332 572 860 991 444 881
237 969 522 449 202 440 364 29 201 202 416 139 69 921 503 196 18 191 550 731 856 11 328 420
269 167 289 941 35 895 856 413 834 131 95 498 938 552 585 71 422 672 413 737 705 163 665 375
159 717 481 321 258 744 724 744 221 363 587 304 401 261 1 157 734 147 551 961 387 730 696 615
409 409 494 77 550 49 712 754 638 606 142 652 859 579 177 673 24 716 239 190 478 714 423 308
562 105 820 35 691 958 325 896 951 496 401 431 781 249 162 369 760 901 367 256 719 543 406 722
411 673 83 611 752 908 113 690 209 20 525 725 248 637 801 294 897 647 464 837 379 126 4 60
443 378 483 33 518 525 892 3 49 899 365 196 409 419 622 666 591 1 636 532 495 39 332 803
972 946 306 354 977 754 947 500 101 839 78 69 465 857 183 822 489 140 577 559 306 889 434 290
656 680 368 391 955 13 442 753 849 825 810 560 966 187 905 478 781 662 31 697 466 141 445 526
360 329 548 931 205 411 583 719 643 881 329 861 523 935 645 777 474 309 330 307 845 973 746 432
542 599 780 808 539 331 273 591 814 949 772 32 244 177 518 868 591 545 924 559 5 917 379 35
634 495 153 716 826 918 283 230 93 822 854 421 479 59 746 974 227 645 5 200 672 366 228 316
101 902 996 854 912 256 189 677 776 286 209 434 685 111 518 203 678 225 640 488 772 215 730 702
140 78 94 764 819 290 601 466 340 894 734 803 498 144 152 569 86 384 36 130 867 181 135 429
202 968 415 967 761 777 434 720 460 45 68 673 328 777 50 952 301 848 817 339 48 616 562 261
802 516 989 250 832 821 240 259 623 273 613 127 59 892 219 987 901 830 476 368 633 823 378 293
314 398 819 710 422 758 858 203 790 928 705 16 667 548 362 108 584 479 353 117 219 198 650 816
686 821 969 914 683 475 895 803 803 658 849 168 841 161 809 221 365 113 810 675 931 727 687 480
292 334 216 776 644 413 803 472 488 364 142 370 924 978 789 749 295 647 461 906 932 622 937 232
360 802 887 6 761 831 557 255 657 545 262 698 753 155 821 17 632 882 616 418 521 165 742 755
679 959 795 248 13 102 208 215 449 196 685 65 222 962 212 217 676 574 314 548 399 27 720 402
534 226 381 239 842 98 799 463 716 689 983 88 634 929 951 432 718 451 577 186 914 615 781 840
61 688 473 619 530 943 443 817 405 293 378 636 180 959 486 436 793 600 794 575 372 249 49 895
487 418 282 239 819 696 529 319 130 257 900 654 108 711 167 278 192 881 338 416 734 195 178 320
939 553 534 57 864 735 363 89 380 621 814 121 409 788 347 850 935 300 836 900 269 855 860 480
776 802 866 10 834 904 718 247 78 177 197 264 101 537 416 940 647 500 707 517 993 668 495 165
651 284 877 429 744 703 81 885 419 242 785 351 421 482 283 495 541 788 864 749 968 488 323 33
735 890 465 891 326 73 598 316 204 171 500 700 519 709 45 70 458 372 713 1 774 513 505 393
823 569 351 578 32 559 971 87 110 762 283 746 453 717 887 699 160 718 837 369 754 34 919 322
255 207 909 527 486 908 838 480 594 988 111 265 587 562 447 668 326 202 3 119 822 558 693 348
856 22 697 355 945 377 384 482 389 714 355 125 691 300 176 914 953 471 380 963 935 101 727 164
351 652 332 334 626 313 189 456 783 320 845 155 340 54 438 38 106 181 93 498 546 683 719 122
943 326 579 902 935 784 597 2 132 393 295 5 414 228 384 166 225 35 521 405 605 324 453 474
13 816 813 980 954 307 97 718 306 917 964 77 790 668 840 118 422 280 957 281 939 90 368 596
133 77 218 692 738 971 481 860 26 617 693 915 543 814 732 648 492 84 522 187 84 971 664 679
848 727 376 355 261 498 802 128 271 385 707 624 234 132 805 699 562 476 477 279 894 637 458 609
919 820 124 821 76 19 383 49 232 946 821 208 101 375 661 935 590 734 309 135 500 377 753 23
993 541 823 560 18 635 392 699 482 188 921 903 239 455 348 12 167 427 233 614 442 739 231 766
866 771 419 55 522 35 746 734 334 829 881 882 84 988 50 324 308 500 999 373 49 693 128 239
831 676 933 390 383 719 349 976 583 325 284 920 777 779 607 204 197 84 136 378 396 337 712 360
772 734 270 128 26 620 940 11 63 201 588 897 241 817 897 812 67 947 24 38 400 449 117 114
980 887 490 824 620 178 47 557 748 213 631 214 24 550 330 186 685 748 422 789 901 431 544 941
870 708 907 800 599 134 820 553 318 17 604 506 264 501 976 195 124 523 355 258 770 430 104 418
69 782 677 18 423 617 744 234 404 253 876 245 317 502 79 361 778 61 478 352 404 682 792 994
556 687 745 164 655 292 507 632 964 227 325 81 893 108 970 800 823 90 321 872 153 377 379 723
806 276 298 304 658 627 526 271 479 589 32 45 774 959 656 735 561 449 32 525 524 579 218 264
158 147 101 706 523 569 889 16 922 697 511 949 422 161 569 346 369 647 528 414 217 999 220 596
820 494 365 692 8 164 740 305 704 563 826 609 73 954 260 901 167 499 172 390 339 670 538 198
244 735 17 623 606 927 349 257 38 568 262 727 122 225 46 432 646 738 372 845 349 800 687 671
798 607 526 373 30 993 393 377 430 354 414 551 888 661 856 407 669 779 734 824 578 365 141 20
951 632 664 893 711 350 210 841 237 556 845 665 73 564 809 154 567 58 657 543 375 226 648 102
401 117 835 730 126 697 21 593 496 312 694 509 493 651 272 998 265 600 516 680 230 803 788 936
866 128 862 597 31 707 408 732 471 693 870 492 906 358 414 353 455 749 799 43 425 628 525 893
470 76 378 352 920 759 534 918 623 488 719 803 15 455 520 244 240 219 858 464 53 280 778 964
933 869 184 999 293 418 885 785 941 12 307 264 954 1000 566 990 971 885 141 32 471 538 257 609
13 753 244 551 546 202 536 585 846 844 697 850 858 949 838 37 216 985 57 21 507 753 90 900
894 310 166 877 565 449 206 543 110 674 860 716 313 940 579 150 60 649 854 103 17 766 994 960
478 238 343 880 347 299 613 654 484 669 106 835 781 57 953 477 189 923 138 728 581 901 1000 904
770 854 109 607 220 114 894 911 2 32 178 622 314 615 815 177 450 705 943 751 452 812 9 776
814 488 571 162 484 851 94 179 137 670 388 125 136 262 67 631 849 263 464 681 45 262 665 221
875 176 984 506 561 200 996 210 282 138 426 654 909 932 598 433 172 255 851 139 567 88 334 845
815 321 823 518 954 528 790 518 229 272 755 951 771 447 72 670 686 408 705 398 601 927 182 530
865 252 928 918 613 904 363 108 625 196 690 248 457 821 93 195 623 294 153 102 720 470 618 145
245 837 357 898 519 780 198 268 576 595 586 833 86 536 477 893 381 845 644 514 452 309 622 420
321 568 847 573 563 87 162 932 869 450 741 969 432 358 669 167 663 552 855 916 178 653 706 942
259 796 1000 618 47 814 684 322 497 628 923 268 757 466 564 115 982 495 336 991 777 469 533 498
370 25 604 675 373 349 97 858 450 15 643 890 532 950 221 137 246 631 790 318 104 829 445 278
597 430 704 404 759 132 136 569 956 96 565 161 613 966 268 951 365 9 115 320 615 517 420 621
840 35 320 268 41 411 871 480 631 155 702 464 705 89 975 250 83 827 607 275 716 180 211 332
73 192 954 431 892 142 587 709 239 517 258 520 180 660 277 469 480 499 945 243 664 575 692 762
448 307 257 339 33 326 353 256 2 493 278 404 579 170 261 416 848 152 863 17 95 691 655 158
841 957 515 877 263 332 318 706 668 950 483 902 375 975 855 721 884 218 625 458 488 809 586 1000
527 830 812 181 368 993 977 339 780 672 925 72 806 878 763 348 411 41 710 809 165 771 174 307
952 156 36 472 255 515 926 366 850 932 348 107 874 380 884 657 58 671 331 850 629 22 562 147
783 537 97 513 864 501 865 278 385 946 397 861 816 640 734 723 614 252 679 997 323 198 610 827
696 355 994 553 702 629 868 541 961 113 64 636 630 430 638 919 5 682 22 707 138 321 673 495
595 170 628 848 49 775 167 105 803 228 989 93 481 643 693 976 74 460 63 786 234 878 663 136
223 775 489 129 192 620 980 473 561 75 534 393 53 129 773 8 642 886 173 454 11 344 403 192
341 832 604 618 227 51 126 299 235 64 733 912 185 919 84 227 526 36 398 289 288 922 532 283
956 250 389 441 278 875 461 752 452 846 530 150 351 115 35 336 471 176 375 381 34 559 480 760
265 731 284 554 203 660 368 125 533 56 935 682 814 999 420 826 203 530 541 323 209 532 273 80
288 136 315 531 96 734 842 415 66 610 969 257 534 154 204 653 34 584 272 880 544 123 167 221
379 616 965 817 178 633 910 861 916 228 567 398 143 628 389 37 744 326 843 455 338 215 392 620
61 647 986 313 895 560 412 668 888 95 789 115 571 454 750 353 657 104 344 688 592 812 512 373
897 405 57 384 290 617 394 393 476 828 4 584 144 48 438 348 145 9 928 814 58 805 146 666
330 146 398 653 982 883 633 735 415 170 921 894 219 296 713 164 978 961 49 624 22 516 88 679
707 502 752 190 325 611 46 695 967 76 604 215 700 355 327 905 242 909 558 139 899 805 73 427
920 870 358 942 569 100 13 346 154 116 860 11 995 481 308 710 760 815 799 345 962 803 693 292
379 306 798 519 90 20 850 691 381 351 641 124 230 409 162 585 226 342 103 603 785 543 249 204
256 595 870 685 35 252 966 340 148 106 333 862 825 89 755 455 488 411 292 589 216 44 525 711
202 414 860 157 932 520 452 986 804 319 86 427 720 820 390 184 698 44 110 866 956 644 761 425
988 752 855 585 99 364 127 907 540 358 562 302 847 64 826 526 253 169 691 439 76 608 334 559
764 15 988 789 935 248 283 985 66 504 732 442 670 500 275 250 757 291 466 908 37 326 904 552
896 471 736 639 400 846 660 957 678 494 630 385 865 103 615 917 420 214 146 74 39 625 43 996
562 969 682 158 268 796 405 891 665 802 169 623 452 278 345 31 624 215 657 92 779 1 603 366
583 79 354 727 986 467 22 113 244 584 441 858 981 373 39 565 582 351 171 539 935 809 342 258
151 90 45 472 190 533 582 69 487 431 106 983 568 80 310 61 300 810 628 998 954 700 559 139
451 528 742 216 222 394 705 841 929 382 779 901 872 539 551 816 295 476 362 9 967 856 758 825
323 104 549 572 221 740 69 311 807 827 540 535 331 182 953 868 758 129 744 503 908 812 608 174
464 275 248 61 595 797 460 200 137 254 960 633 234 606 581 758 110 937 964 61 156 903 691 720
826 816 883 343 974 55 630 456 68 980 274 230 448 24 495 317 174 174 338 616 279 641 818 233
194 97 495 914 942 515 473 729 223 299 592 862 884 83 201 939 373 323 789 447 703 552 926 433
116 953 410 893 143 745 272 908 960 711 284 898 15 91 929 81 692 975 370 568 375 276 795 339
654 347 700 732 576 301 39 957 773 154 923 591 26 957 507 968 324 210 981 875 757 966 125 979
644 209 717 973 151 288 207 522 268 393 428 697 424 364 835 734 220 361 669 654 708 281 717 457
416 156 833 394 835 120 184 46 413 4 289 782 171 994 231 483 975 337 124 294 94 525 777 580
178 976 763 158 962 768 532 372 19 606 10 561 679 831 156 984 766 923 289 333 191 701 596 558
511 72 129 819 529 23 780 60 652 268 164 874 222 841 71 10 275 726 200 174 206 556 133 480
665 267 124 282 551 597 138 901 406 247 685 161 618 570 457 523 808 672 448 78 496 879 249 559
622 643 444 89 805 78 620 364 269 490 301 543 216 458 241 197 58 249 901 303 301 620 608 383
116 335 839 620 532 45 334 943 997 563 218 853 555 899 150 18 198 880 574 478 71 601 508 636
52 440 960 75 920 881 967 652 725 912 476 234 230 361 752 922 279 127 777 579 710 877 156 30
42 474 349 336 451 87 699 130 736 645 583 152 822 85 195 721 101 618 942 103 313 41 140 431
985 23 739 69 424 120 86 104 116 239 329 935 942 179 909 785 35 879 742 308 212 3 120 395
913 525 36 671 238 71 656 175 220 846 919 191 728 129 774 213 472 488 417 611 413 42 995 620
528 344 620 915 252 711 234 172 160 106 798 707 358 35 531 479 867 209 420 508 756 187 53 13
156 555 860 397 310 698 264 537 768 655 824 692 421 109 432 775 563 39 786 619 347 194 877 377
39 101 970 151 229 1 630 494 718 721 655 467 194 231 398 538 852 329 847 713 111 687 10 939
191 250 597 18 852 818 743 958 775 501 505 945 173 596 200 890 972 383 194 821 533 241 637 200
244 519 779 650 479 539 903 438 352 210 642 531 420 764 417 965 980 235 10 785 905 455 815 836
1000 476 163 226 741 549 208 390 844 3 271 278 556 633 185 369 721 490 171 863 655 304 985 632
631 89 602 264 256 908 501 775 415 151 695 406 466 148 8 236 311 416 743 227 595 325 803 686
725 551 549 111 638 204 138 787 212 167 872 549 50 779 128 617 871 693 767 474 137 411 533 349
636 733 850 978 672 127 579 979 182 795 778 331 587 56 223 189 423 504 467 501 831 273 528 641
816 696 849 628 743 541 59 288 958 11 192 122 542 723 447 509 176 863 272 345 777 853 551 131
114 922 930 60 841 119 863 659 507 487 806 84 884 278 73 287 640 370 277 852 741 238 950 489
198 184 881 812 703 821 955 276 490 146 785 865 247 965 242 418 264 794 45 269 55 855 953 215
590 228 729 720 938 748 980 615 527 771 169 534 495 496 592 758 554 161 876 130 618 13 589 261
983 675 913 254 185 196 899 806 830 788 757 637 535 56 775 851 863 267 932 26 581 57 1 524
802 822 951 774 656 915 764 30 890 688 351 448 433 375 114 122 318 773 861 123 524 701 158 460
214 249 979 324 606 899 406 932 173 716 502 793 168 915 929 228 555 312 790 532 220 319 236 272
21 411 794 806 587 228 34 285 24 770 150 52 596 469 277 588 240 270 851 888 298 238 166 423
146 623 302 652 529 761 14 387 233 670 780 178 449 702 129 283 564 158 598 736 371 338 128 451
664 115 485 340 2 734 345 906 943 216 997 853 434 446 244 838 150 745 968 592 480 480 987 307
560 66 305 364 209 536 579 170 881 694 645 137 778 768 244 597 90 375 676 770 899 583 947 703
689 792 150 513 548 222 212 135 80 770 864 202 768 129 660 682 55 121 161 348 642 361 916 207
611 502 728 566 812 550 799 487 560 912 718 23 124 159 960 758 665 712 497 856 242 46 366 55
273 295 544 752 353 585 305 639 663 784 280 120 281 849 814 95 587 391 880 566 628 612 682 908
716 305 335 589 783 162 460 585 989 257 314 711 896 200 120 649 49 118 595 467 166 310 273 51
279 178 120 954 38 755 120 841 128 974 939 880 162 624 537 139 722 802 596 299 206 551 946 751
973 283 726 484 878 542 904 965 652 628 911 615 741 636 548 370 168 460 75 238 685 431 318 751
4 339 951 674 146 704 617 378 52 367 408 831 412 641 316 254 301 484 675 96 633 439 265 148
616 361 738 270 361 265 216 465 572 3 466 709 734 839 834 284 574 432 216 137 641 143 676 112
719 109 996 813 475 4 338 196 144 939 429 990 312 567 137 431 819 10 87 862 622 898 29 206
5 446 957 440 853 227 641 733 870 979 83 50 492 590 596 692 954 157 676 382 441 867 534 250
484 276 214 308 824 465 489 768 750 447 323 878 546 170 538 772 10 412 480 213 228 898 874 997
656 987 809 217 347 364 716 566 608 268 526 310 690 918 720 640 161 973 791 621 461 51 798 76
758 554 29 333 648 329 505 940 407 950 989 116 489 756 403 916 719 121 80 849 137 815 66 943
795 731 770 65 879 704 630 643 418 618 82 808 492 508 62 351 292 919 475 859 603 316 531 819
288 996 640 498 127 538 578 911 923 521 3 268 155 926 961 851 548 366 963 415 873 48 353 842
959 165 153 954 364 225 308 125 419 691 266 546 390 184 133 793 292 409 214 641 515 925 605 920
785 845 678 554 136 563 664 838 504 654 311 447 303 147 517 607 798 500 152 379 408 705 800 11
128 148 9 881 88 29 706 637 914 374 879 750 952 942 252 863 599 595 662 988 973 61 78 808
888 324 711 101 635 301 458 571 398 854 25 168 201 637 410 324 189 779 78 405 682 859 87 68
885 241 615 142 362 338 848 133 377 32 916 412 983 64 667 717 322 926 329 594 921 427 797 55
905 873 102 800 968 542 846 16 597 931 808 954 559 75 677 195 873 71 881 736 542 864 782 838
125 222 68 859 837 806 65 133 219 201 812 345 592 791 158 712 453 396 873 761 668 666 716 412
851 326 703 593 561 495 328 628 49 477 368 205 110 615 959 801 222 18 61 77 580 243 94 888
787 297 467 258 975 638 974 849 848 231 543 227 677 66 609 489 615 981 485 607 755 85 451 218
260 526 908 417 547 889 911 535 931 31 542 810 362 727 119 312 910 130 973 484 390 642 584 193
127 500 201 211 186 40 669 675 504 360 78 165 309 839 47 681 850 774 875 14 971 208 537 695
289 883 550 934 789 134 980 786 432 446 477 19 3 350 82 68 773 325 674 756 727 343 363 427
27 783 834 515 120 473 635 574 390 732 665 249 537 444 664 745 931 304 349 835 34 638 928 614
605 377 143 757 816 51 636 230 595 940 412 70 470 862 402 51 963 411 621 830 87 854 258 388
834 304 80 445 624 230 895 824 577 864 482 620 94 537 300 433 720 551 494 856 436 740 208 852
555 500 974 681 172 668 11 529 672 341 561 61 177 363 50 722 878 5 702 683 184 60 445 48
237 395 385 41 855 829 864 664 203 42 122 535 521 105 911 385 57 151 955 9 941 636 24 311
128 632 543 420 670 582 54 787 533 20 583 592 900 783 926 740 380 402 134 234 847 438 60 735
684 733 601 664 54 718 439 301 454 168 431 943 198 37 499 346 682 293 805 342 246 20 252 734
193 374 848 347 66 389 288 326 598 21 161 642 832 296 588 68 805 871 695 752 826 844 286 938
824 197 259 299 483 801 805 804 828 547 198 55 780 767 21 530 698 807 22 238 307 286 369 884
528 310 23 738 629 676 43 72 806 877 170 215 783 559 712 950 247 909 806 271 1 362 404 252
496 916 941 113 18 282 465 380 186 109 180 430 552 476 769 588 60 942 556 397 814 477 569 615
134 713 818 17 132 88 661 88 128 625 950 233 54 263 771 267 633 927 966 500 513 724 322 938
738 8 249 767 906 316 992 521 91 582 991 53 191 369 720 729 610 339 501 59 340 546 79 308
332 693 428 513 750 952 167 717 100 498 170 182 464 500 431 776 86 874 29 748 291 788 80 621
351 514 868 982 178 989 7 536 927 96 324 926 432 512 364 451 140 692 857 993 637 436 217 205
146 292 173 209 368 970 926 874 906 827 794 17 40 446 180 723 67 316 834 342 505 593 816 620
477 22 236 860 229 102 874 958 306 740 31 660 155 734 501 413 988 601 393 735 605 475 658 101
472 10 522 7 798 487 760 948 486 620 645 814 864 870 672 343 805 438 674 59 414 474 720 392
730 477 298 455 47 283 622 333 261 550 546 565 374 105 509 932 682 117 111 574 405 588 434 929
532 280 966 985 409 810 43 847 187 338 60 685 582 940 300 729 516 506 123 57 132 744 446 624
351 691 872 105 616 909 589 887 721 444 154 756 638 470 589 604 99 481 799 805 252 827 149 718
110 381 239 173 662 105 269 665 438 363 154 437 77 868 480 585 898 256 702 806 808 443 508 438
900 40 101 8 966 341 288 570 774 597 611 752 345 556 484 564 681 549 194 725 350 714 920 434
79 295 385 316 63 359 594 479 974 658 171 490 793 851 174 361 419 733 901 531 706 653 142 236
990 850 511 565 394 986 994 982 215 758 615 83 461 138 158 867 168 411 229 887 498 901 537 195
708 5 174 151 19 903 843 776 85 110 439 553 229 845 122 258 888 66 39 652 703 881 145 664
547 982 161 961 335 663 559 676 878 6 613 404 156 785 968 499 378 706 891 106 853 652 356 367
255 728 368 689 108 9 500 8 403 80 417 544 87 643 303 622 810 688 481 736 692 10 181 217
109 98 392 516 406 797 940 337 251 452 468 607 844 655 789 519 517 117 163 723 354 634 398 42
350 602 330 996 256 44 167 776 726 629 350 272 582 776 119 210 28 499 694 441 403 307 65 961
664 128 680 276 93 920 964 349 882 378 466 439 134 871 626 833 521 571 578 618 301 525 186 388
656 302 481 978 329 700 987 144 376 945 9 368 412 732 797 835 149 462 661 976 123 11 519 890
515 422 73 370 617 995 797 231 67 320 177 129 197 955 189 85 945 620 856 482 605 948 799 386
320 105 112 674 632 784 557 580 590 455 37 978 888 983 520 898 252 151 131 556 837 974 896 413
688 97 740 610 445 53 658 457 319 592 654 509 34 833 947 194 872 518 153 836 186 208 644 440
708 891 31 548 815 78 795 27 451 138 389 694 724 337 777 285 391 733 225 367 269 882 384 465
369 77 110 853 970 646 233 152 131 747 491 150 162 901 151 3 370 490 395 310 41 352 457 367
922 595 573 292 699 761 295 602 848 517 375 259 991 104 432 159 369 893 886 532 344 531 175 752
882 313 108 611 845 618 327 172 516 489 222 990 206 664 332 570 975 691 220 676 465 50 25 269
611 585 441 622 498 903 645 427 976 851 789 511 721 574 26 116 311 205 681 579 550 674 114 623
696 714 994 422 485 695 236 59 836 518 565 979 905 438 770 580 712 353 8 128 935 782 129 778
554 497 909 590 966 525 220 86 871 15 651 84 685 318 790 229 513 438 442 919 719 935 313 66
973 250 294 468 221 383 335 373 418 818 23 217 19 617 437 389 158 632 520 325 159 848 214 189
541 2 865 890 943 714 953 209 475 576 34 368 820 802 890 470 78 305 263 821 709 288 245 346
147 760 333 950 620 693 397 908 448 889 324 102 660 9 909 198 27 637 622 681 773 699 274 962
30 18 203 676 818 326 566 689 744 550 496 220 820 816 390 8 841 158 343 395 504 604 806 753
40 941 860 716 460 174 127 284 662 421 214 976 519 737 757 852 802 158 617 414 213 68 467 107
95 861 65 376 397 732 791 29 283 365 604 924 388 222 433 886 75 117 172 80 223 763 850 1000
11 40 280 643 872 766 429 415 306 902 92 786 517 209 906 772 896 580 669 843 234 439 948 952
156 839 424 16 684 147 49 311 24 500 64 915 649 520 160 581 482 148 569 128 531 833 702 728
644 726 973 278 133 971 882 366 899 678 999 235 351 648 468 514 847 492 827 444 598 315 429 783
994 788 525 546 72 20 107 300 432 330 939 745 220 723 832 938 974 575 71 605 973 813 131 663
470 661 221 220 631 838 951 76 267 947 453 949 467 698 547 454 56 482 145 160 417 809 956 867
551 51 665 668 448 987 209 175 752 649 471 817 441 58 690 986 734 540 156 385 710 448 313 879
219 260 220 771 477 260 412 468 370 196 627 137 926 585 516 112 552 635 402 458 663 55 416 355
23 390 824 671 696 896 180 390 786 396 999 356 270 976 32 132 63 902 832 650 163 605 252 709
117 138 706 332 288 100 506 436 410 581 380 267 694 356 271 590 293 206 916 653 325 929 257 558
722 351 645 770 124 396 997 161 713 64 472 152 330 983 9 234 513 74 61 399 76 717 181 773
706 760 660 54 622 621 313 211 727 747 634 233 834 677 952 651 509 1000 962 970 744 590 940 107
239 563 257 442 296 591 342 83 431 304 68 540 629 784 649 50 810 304 532 456 482 798 433 638
712 770 629 244 584 737 846 607 978 591 597 539 115 697 640 924 571 933 279 871 591 335 610 494
383 480 451 279 769 260 616 382 949 223 397 148 422 246 605 575 52 904 288 480 79 512 288 611
437 516 132 26 75 582 371 641 104 464 338 973 519 485 526 732 903 288 181 135 16 275 486 484
411 65 701 829 248 153 937 283 304 865 815 888 755 678 118 742 698 907 694 489 523 825 286 155
194 270 667 753 219 894 450 39 579 313 204 298 174 525 51 57 422 164 765 185 457 321 480 913
36 914 532 957 648 834 605 21 517 395 330 709 149 920 711 17 847 674 256 374 124 711 522 437
273 634 816 678 442 713 206 116 445 273 589 439 185 784 523 132 20 613 714 177 598 992 536 363
725 324 740 195 565 613 537 970 83 462 602 599 955 762 97 367 289 947 787 931 454 429 405 505
943 642 953 369 707 900 307 535 635 191 546 675 883 843 700 153 577 972 200 340 6 537 189 213
785 800 949 609 656 26 184 408 500 265 547 342 871 167 822 99 857 827 418 881 368 866 394 592
990 47 38 391 417 971 180 450 75 594 757 337 974 596 852 637 11 884 384 65 908 873 849 572
726 507 32 659 437 391 406 407 324 802 36 530 109 813 115 93 550 213 966 413 929 445 205 51
289 309 18 733 476 741 940 521 80 600 334 509 113 13 793 892 859 509 12 257 642 839 312 593
417 156 863 571 980 931 838 353 270 815 193 328 735 461 477 901 952 169 133 712 755 105 995 418
912 765 326 489 4 299 546 311 523 271 984 232 375 476 385 124 902 430 612 434 264 269 984 657
521 839 930 706 28 956 212 596 842 922 785 494 656 624 478 235 428 737 71 6 258 836 11 105
272 494 969 299 225 780 680 564 306 905 12 711 140 168 15 677 312 752 786 80 815 380 336 950
721 302 287 443 19 618 161 725 997 447 219 151 777 63 286 322 611 691 783 605 314 294 217 218
800 377 723 35 999 473 847 859 596 770 675 32 894 45 547 891 852 882 102 761 745 973 78 902
225 161 354 52 515 733 992 981 350 436 628 814 817 601 416 651 671 732 873 454 824 974 395 11
656 842 921 252 530 728 197 143 364 781 381 875 432 865 241 95 590 513 78 478 5 959 556 22
62 556 75 83 551 161 937 286 409 367 562 171 277 740 201 590 871 628 148 684 700 449 212 461
984 805 339 883 720 196 572 644 700 616 242 733 973 778 153 234 668 294 772 792 290 692 873 597
659 750 907 753 381 265 367 411 345 47 768 117 80 613 488 386 904 787 564 667 749 181 767 477
188 301 681 690 696 869 273 665 412 776 466 142 692 999 500 615 591 688 464 191 950 622 229 781
206 170 172 838 148 924 487 770 804 209 579 546 361 736 49 39 523 779 21 76 981 390 107 236
755 306 161 976 987 448 52 748 416 84 103 400 153 30 500 287 562 527 936 215 55 767 989 555
302 384 248 571 955 622 3 339 243 291 387 389 926 86 229 563 949 301 506 451 813 503 215 150
107 252 682 40 864 526 828 733 410 127 638 310 155 961 188 550 346 759 854 836 125 500 972 74
390 526 108 38 846 96 254 213 312 914 728 412 861 994 302 119 564 70 82 767 689 653 970 959
992 729 113 898 348 81 617 177 324 140 926 406 493 329 701 93 167 877 739 586 16 147 456 884
481 657 712 584 205 58 328 280 764 545 453 270 811 350 58 529 398 179 227 503 616 755 588 454
907 884 164 743 362 790 199 668 72 826 984 200 122 48 535 260 150 551 48 950 471 913 419 523
649 572 741 725 58 474 642 537 403 858 503 306 413 631 109 671 891 370 18 720 102 647 21 330
56 10 358 674 563 663 994 506 72 629 122 920 237 905 278 943 788 947 838 500 825 611 486 2
829 545 180 50 784 921 495 520 568 279 780 611 393 237 421 248 442 770 663 642 4 797 842 668
348 823 604 170 314 486 666 273 64 934 927 264 758 120 314 610 952 233 543 295 377 715 117 662
386 515 253 647 745 499 103 380 649 230 614 837 817 654 567 442 252 554 887 236 793 69 96 541
921 934 861 817 332 582 956 774 704 720 592 644 731 475 999 954 926 782 334 22 915 234 500 908
978 219 198 515 315 815 594 69 141 558 333 265 13 924 200 943 938 58 654 302 725 72 625 257
714 10 405 800 488 395 225 858 449 148 95 449 133 509 810 677 989 567 590 405 907 888 681 332
197 759 396 493 830 536 482 175 734 660 422 617 639 937 253 857 444 826 748 563 420 556 365 726
561 129 193 631 272 384 231 624 227 592 722 800 592 278 967 899 25 242 955 357 851 117 406 700
505 115 347 182 937 4 117 868 933 795 789 142 424 36 360 993 732 103 692 263 356 391 117 454
328 827 823 647 409 731 619 499 389 615 441 312 512 182 30 700 671 418 503 388 281 392 193 329
943 98 988 381 866 416 600 485 718 95 621 431 63 440 997 33 759 273 523 762 768 598 290 672
584 328 592 757 150 375 644 699 444 378 625 367 118 360 961 288 495 632 491 775 938 353 123 341
136 244 867 518 98 76 674 244 739 755 341 509 771 986 851 73 239 730 910 643 462 962 117 89
307 479 152 934 707 854 610 566 90 1000 617 378 898 147 170 294 718 502 218 973 601 259 854 292
76 153 656 594 956 210 93 580 543 930 167 664 1 680 907 51 688 693 121 817 38 697 843 774
123 864 266 976 361 468 528 287 16 352 644 569 965 106 22 702 963 579 474 790 75 251 360 683
191 762 521 119 595 849 953 618 339 808 758 539 820 575 761 549 259 469 335 134 19 682 385 672
580 619 156 12 723 251 509 487 3 798 587 754 825 113 326 901 545 390 95 811 838 941 887 849
208 67 831 567 913 273 506 270 797 386 467 975 445 455 650 474 860 649 807 999 396 773 968 241
964 428 955 260 657 275 366 210 795 372 88 614 55 24 291 371 790 163 109 580 858 806 640 730
283 783 720 820 864 532 937 461 382 430 691 109 438 840 714 121 54 748 376 489 78 665 229 724
141 225 751 545 365 751 950 767 271 901 506 991 397 397 459 497 898 762 983 27 54 908 685 12
937 443 995 126 684 521 626 987 723 134 808 223 68 813 973 113 249 791 823 478 757 831 296 550
940 70 736 67 127 461 699 972 390 568 231 676 750 784 104 8 830 290 463 663 934 423 578 159
264 445 891 59 527 133 366 498 519 958 231 852 322 149 527 718 671 333 574 261 681 27 343 358
567 731 942 925 210 999 918 255 428 415 832 200 585 89 610 550 740 908 521 16 883 491 216 816
923 533 175 976 13 969 74 113 480 176 39 640 85 276 483 49 619 423 256 185 834 859 108 157
560 451 84 894 426 332 275 150 995 287 560 138 262 495 322 886 438 324 890 826 611 884 408 91
426 226 97 490 181 119 453 164 796 593 720 455 978 545 104 641 513 15 594 786 31 922 898 109
772 404 997 954 862 177 25 667 344 722 700 407 763 454 362 224 387 485 701 496 265 983 672 218
203 681 688 436 360 513 144 565 655 973 504 256 353 312 674 902 220 311 161 923 423 998 549 447
898 349 173 77 257 690 451 38 458 277 265 76 328 245 927 173 736 960 719 293 703 579 755 103
950 507 908 845 441 326 844 314 283 649 801 212 951 348 595 955 166 554 472 425 908 828 879 15
24 969 889 765 552 978 34 350 428 799 543 173 507 597 555 834 891 513 672 805 420 983 371 237
772 12 137 425 66 967 891 623 24 822 227 577 725 53 200 344 738 755 929 732 953 944 92 944
728 408 442 840 95 924 842 543 611 133 988 999 120 882 860 510 118 360 184 153 644 965 668 503
601 393 521 42 229 115 835 175 961 61 736 820 307 998 791 134 467 869 109 48 333 75 675 950
200 491 972 997 999 825 639 303 75 780 960 449 628 369 249 556 681 634 799 454 81 993 910 349
405 372 656 705 773 343 469 13 560 485 343 506 658 271 402 874 496 903 907 497 270 610 252 767
910 144 394 595 173 357 225 323 834 985 815 832 415 49 104 845 16 524 608 38 835 300 891 847
679 770 129 556 320 785 838 553 861 138 952 432 357 153 780 954 834 476 18 775 489 635 919 203
302 500 916 221 505 343 490 445 360 776 836 696 474 525 940 379 444 615 970 924 972 265 563 129
725 520 402 363 87 390 722 235 696 64 777 519 65 598 89 832 898 313 271 817 684 33 550 333
27 198 662 491 707 847 692 186 887 439 523 158 14 469 32 512 908 919 834 42 255 606 391 704
214 628 543 21 133 229 88 290 446 560 859 953 641 36 844 639 833 183 315 959 888 153 573 311
213 372 891 616 319 82 466 134 993 935 715 240 464 139 20 314 262 94 155 717 537 897 933 147
532 569 306 550 499 375 20 149 835 133 184 89 421 995 557 671 128 775 143 111 261 539 725 318
267 836 311 215 378 631 45 732 977 764 76 703 403 477 986 561 577 359 910 900 311 893 136 678
418 625 60 102 771 846 614 969 250 638 900 595 157 30 615 250 5 24 970 426 784 234 271 137
712 953 996 889 237 488 209 934 511 762 416 890 884 257 496 849 999 592 212 656 921 181 859 110
376 672 63 470 547 117 352 801 110 114 127 364 115 479 873 472 102 368 961 983 362 145 202 857
563 703 396 41 58 418 455 245 84 341 368 72 678 809 126 343 626 132 19 410 941 635 120 679
382 898 586 600 315 697 447 871 760 810 865 671 837 527 474 331 938 456 297 962 843 974 905 205
732 439 945 456 455 124 893 636 730 680 906 796 928 808 949 653 936 760 945 435 199 200 559 255
375 968 380 613 240 273 660 507 399 903 508 88 57 91 394 717 661 785 101 834 438 221 802 6
975 830 772 131 796 743 358 839 536 343 218 739 705 629 509 338 236 379 664 110 976 485 637 433
24 132 1 819 366 918 89 181 554 402 442 650 282 21 202 804 589 794 702 49 60 745 466 277
870 506 999 862 676 144 253 523 444 850 420 564 989 765 751 536 657 884 413 418 854 673 37 995
293 769 469 247 720 871 432 186 578 753 255 778 532 118 549 303 23 888 748 726 69 400 707 443
329 881 151 83 39 557 607 848 828 683 619 283 541 819 436 235 177 719 98 203 736 251 812 260
284 876 786 174 835 376 223 442 688 624 31 453 737 461 880 110 860 907 675 854 926 231 132 188
151 683 148 458 466 10 862 893 368 235 830 619 203 553 526 653 183 636 486 687 510 51 732 808
864 1 794 154 178 94 539 933 39 395 252 148 303 565 863 814 478 534 12 490 260 738 675 428
102 659 408 731 120 80 877 473 697 201 228 876 98 511 36 266 68 130 9 730 890 115 375 86
580 108 887 58 987 579 680 265 330 825 795 6 323 841 46 603 419 152 41 465 843 710 605 923
37 985 541 325 854 470 658 824 343 912 264 813 241 706 868 957 361 81 653 348 906 867 421 387
360 896 65 614 25 317 323 860 447 423 523 783 966 879 234 36 341 632 302 92 978 120 502 7
554 858 141 198 979 892 312 675 448 105 114 19 64 872 107 788 892 75 452 993 559 109 686 716
498 48 839 951 733 837 649 280 644 998 976 36 513 49 90 196 775 570 448 379 793 590 704 953
686 787 175 451 189 774 718 195 779 643 982 293 348 781 300 912 496 926 79 74 132 329 367 28
420 930 483 647 306 386 939 172 752 916 662 67 558 916 458 729 146 462 944 245 948 922 736 468
122 68 475 191 151 281 428 318 522 664 752 530 66 135 203 108 750 881 31 238 668 831 15 349
745 225 134 784 170 669 145 348 930 532 443 125 868 968 908 252 599 322 118 241 254 192 200 812
467 955 821 151 247 150 286 951 357 686 486 608 638 513 494 444 241 24 915 907 103 171 727 275
119 15 237 499 370 157 938 496 448 322 519 354 405 167 7 646 95 241 53 271 695 918 644 48
44 24 124 555 988 843 267 559 324 142 269 782 91 890 975 571 877 365 331 568 556 421 65 348
346 794 843 549 375 461 720 11 6 210 508 6 9 814 805 727 299 385 838 825 368 785 906 927
716 222 211 747 579 521 48 627 973 863 901 76 635 226 728 146 728 128 853 311 291 743 195 815
294 939 247 375 783 276 115 467 86 579 130 395 233 227 55 796 757 938 651 210 832 442 423 889
257 114 697 68 145 325 793 501 295 996 939 188 148 611 759 886 901 717 604 128 825 781 748 260
93 100 483 166 446 380 429 204 846 472 978 116 852 741 644 566 844 486 207 281 358 868 19 705
750 817 468 490 122 482 662 111 941 873 586 392 65 490 604 740 957 893 935 466 706 367 909 622
116 56 159 435 498 217 587 556 36 498 901 11 518 519 754 970 17 338 38 188 606 794 663 242
524 127 252 498 304 723 547 74 231 312 928 943 189 443 415 709 353 622 696 526 447 47 217 83
242 493 142 590 796 529 40 204 465 909 466 393 85 683 246 346 835 296 132 614 194 707 702 858
126 340 791 736 51 518 528 667 438 862 13 493 898 35 12 776 431 129 609 824 121 923 601 346
912 230 592 21 271 565 142 152 491 389 40 21 92 261 760 503 274 358 413 25 689 902 63 927
824 259 111 895 157 629 550 190 864 495 288 5 274 237 415 477 429 639 235 505 118 309 134 783
461 392 844 176 690 356 504 843 54 18 947 329 899 451 47 167 827 871 572 424 508 118 930 988
153 895 386 368 881 477 822 200 203 232 876 671 638 905 341 594 42 305 41 904 557 705 1000 963
242 17 632 153 327 549 820 893 736 939 241 412 997 696 12 299 886 615 743 100 219 228 394 34
986 364 909 146 634 828 448 129 680 213 204 338 991 834 182 483 1 834 61 871 864 587 203 66
31 606 171 290 43 317 663 961 367 209 565 265 964 83 993 800 909 340 531 895 767 502 575 415
652 465 648 477 827 292 766 777 485 712 474 933 871 870 947 525 206 299 665 343 7 513 478 664
218 116 576 261 280 828 756 246 654 343 614 771 592 554 753 91 873 236 882 461 93 931 714 884
575 459 909 773 382 142 922 187 990 585 488 396 118 598 682 211 876 650 909 670 892 47 943 394
289 894 136 174 459 782 217 111 357 53 692 948 664 436 696 75 518 848 306 32 683 126 745 261
966 538 595 278 402 950 158 395 244 670 318 614 49 85 862 351 249 405 999 198 419 999 958 1000
81 51 930 176 296 521 270 339 488 674 870 951 903 782 811 970 864 930 945 189 508 273 829 232
29 477 557 982 498 532 331 566 262 619 324 860 543 201 257 917 307 43 341 607 699 478 717 256
333 780 297 56 521 194 937 516 58 786 236 322 571 36 833 531 522 744 985 144 887 663 374 778
223 989 551 294 278 718 146 999 594 680 14 239 538 997 763 10 43 582 696 494 927 266 61 274
20 115 650 362 513 497 200 43 850 521 752 2 233 509 126 144 291 298 924 9 755 280 12 725
42 266 286 966 502 437 618 520 684 909 263 629 433 656 719 460 757 853 929 724 422 9 6 683
966 625 135 512 339 479 131 277 728 66 197 586 179 173 797 303 534 23 182 588 840 969 61 932
845 207 76 773 385 612 255 750 506 337 372 638 908 507 182 551 891 960 856 22 324 716 508 189
249 562 643 411 708 907 499 301 986 859 719 344 10 272 521 962 843 401 560 154 256 651 959 604
204 847 581 449 573 379 462 749 995 569 471 53 646 605 687 379 903 437 690 327 446 85 935 19
892 935 666 78 334 707 352 825 227 970 476 488 880 249 600 271 490 18 45 750 2 123 159 233
308 469 153 369 270 119 668 545 754 324 782 303 473 379 971 339 665 592 582 393 798 141 774 737
330 43 505 772 211 966 66 711 281 181 878 193 898 487 734 183 162 575 464 475 865 915 11 667
883 914 279 494 26 804 677 39 554 426 218 422 402 848 176 232 906 544 764 155 258 686 52 940
171 930 317 117 289 999 370 631 657 251 930 878 195 373 25 450 475 334 489 288 250 710 110 814
156 574 616 62 696 168 743 786 114 724 835 8 88 897 17 515 188 455 786 335 911 75 986 342
742 300 522 745 75 989 841 355 26 875 166 233 147 170 692 489 789 498 484 806 400 843 614 468
360 587 132 543 40 181 863 160 665 462 630 704 198 129 434 169 913 445 351 812 548 799 352 721
912 359 44 925 631 685 378 161 247 838 685 506 255 211 23 635 789 47 702 614 544 353 40 766
258 714 835 336 503 353 798 395 810 588 189 663 185 775 204 700 873 706 250 243 822 389 77 260
710 107 912 714 492 675 139 883 422 852 784 542 198 908 36 262 367 502 330 573 442 107 31 777
220 416 611 727 639 347 311 7 150 502 678 531 977 173 35 769 823 307 891 436 568 139 554 756
222 566 700 96 983 717 462 80 489 592 688 74 528 77 370 295 277 139 882 636 846 497 594 715
321 611 649 602 707 407 134 88 216 750 691 430 70 317 628 949 606 183 930 979 776 138 184 215
275 456 321 637 460 643 244 840 848 422 878 769 541 81 899 594 84 141 438 661 373 188 311 286
983 634 968 408 921 106 150 993 171 154 430 440 541 966 214 116 296 827 496 624 734 124 630 323
407 804 661 136 948 325 311 709 524 308 516 533 798 285 565 716 896 189 234 741 284 447 26 657
649 884 547 873 860 915 309 889 803 891 749 89 461 826 61 960 887 159 516 922 824 654 304 297
618 1 569 782 699 211 243 250 365 426 472 557 814 335 935 561 377 4 96 521 672 533 498 563
991 659 539 981 539 75 751 696 304 4 537 352 224 292 457 134 14 104 636 613 481 91 575 609
415 801 690 321 155 927 183 733 775 964 438 634 399 745 982 393 547 316 220 35 568 650 537 35
156 687 102 692 647 297 669 900 334 859 949 643 284 263 664 528 208 343 240 270 811 901 192 103
632 750 644 714 822 437 116 448 482 610 652 216 164 304 589 741 873 785 809 536 451 971 98 261
544 847 305 926 429 778 379 748 865 49 987 320 803 517 342 168 190 772 69 697 369 776 440 973
541 576 59 814 552 288 118 156 837 233 715 730 688 804 271 677 137 364 47 832 664 227 864 74
625 581 652 300 747 22 122 320 318 227 928 187 710 157 952 253 694 136 932 584 600 64 513 135
748 1000 945 534 744 398 80 158 161 256 999 651 844 577 628 979 594 595 924 632 253 363 790 570
287 496 695 107 788 996 89 982 478 394 96 507 668 621 625 812 333 373 24 907 435 25 607 466
370 505 921 26 943 931 402 505 610 224 164 822 781 352 11 665 912 351 416 387 703 760 122 357
221 662 237 67 936 82 163 714 702 116 491 13 453 760 8 496 989 131 329 593 552 396 243 436
4 533 783 363 359 725 168 825 86 56 266 535 74 927 918 411 402 525 498 140 92 521 393 927
842 97 650 318 308 363 887 823 903 190 753 429 240 483 580 993 254 989 633 933 797 775 310 602
975 634 928 224 787 794 280 289 684 495 964 861 528 160 609 346 26 151 518 884 152 327 888 663
246 943 774 166 440 714 154 529 826 254 984 983 307 464 944 581 389 866 629 244 259 322 324 493
373 51 120 83 448 391 78 198 166 245 320 735 143 776 446 727 697 469 414 910 742 358 79 971
698 839 926 89 650 212 122 933 106 825 914 440 636 419 587 299 331 119 616 300 513 272 419 371
371 246 104 401 232 140 923 704 978 302 710 297 744 484 454 993 363 438 276 676 230 781 542 42
159 978 498 494 540 370 847 866 613 296 913 128 940 452 618 256 229 832 305 998 519 776 558 370
334 872 569 323 852 738 256 158 298 975 316 985 762 921 602 695 368 181 759 670 284 303 834 746
345 361 655 730 178 672 142 107 582 361 351 471 585 960 973 564 16 804 211 793 681 541 461 515
207 678 959 381 414 716 635 587 622 101 727 881 687 904 315 809 613 878 843 773 576 292 856 148
827 740 637 850 426 941 160 496 26 388 812 523 936 612 597 399 518 718 157 381 568 805 766 113
695 867 633 695 887 770 236 801 382 945 134 814 670 503 699 925 987 596 439 641 894 960 176 162
658 755 147 635 936 13 195 411 934 231 644 15 599 890 99 696 597 9 358 133 795 111 899 39
718 383 866 186 995 162 327 626 98 301 622 712 792 428 996 816 594 567 345 575 165 123 835 823
43 754 350 360 304 229 208 132 760 982 368 391 87 697 372 968 828 920 622 788 560 412 184 383
665 650 208 283 10 679 228 770 573 276 62 715 490 232 756 888 260 395 48 401 887 13 117 697
537 818 955 830 880 246 580 580 688 172 427 365 386 530 699 759 211 249 132 897 349 983 658 987
920 247 679 646 958 670 222 814 617 270 95 536 645 834 235 4 825 721 877 860 474 670 801 921
283 467 908 151 747 664 576 940 192 901 787 467 935 728 819 216 424 291 333 525 295 654 120 357
180 23 322 380 737 636 960 834 802 645 725 577 830 854 518 190 725 816 994 992 9 390 376 357
787 558 176 773 352 968 47 658 372 422 883 102 519 271 471 304 102 466 422 699 695 857 899 454
61 157 599 263 644 896 823 153 764 585 994 301 216 268 857 721 351 620 749 27 903 745 736 397
719 882 127 273 302 283 843 318 581 657 415 612 564 661 913 139 656 145 924 118 198 989 847 866
477 659 132 473 810 819 765 719 529 654 271 355 640 877 739 83 701 725 863 286 977 669 844 877
259 942 13 403 817 456 451 897 836 157 490 835 353 359 911 952 131 160 871 610 141 597 49 857
319 811 299 322 50 115 126 614 380 535 626 951 336 92 173 316 813 795 979 575 437 109 869 633
476 433 48 881 345 944 363 905 513 11 610 676 641 292 697 186 590 510 86 853 551 871 763 795
912 49 171 486 616 701 917 190 757 468 805 996 817 540 701 237 483 929 42 597 274 739 298 181
234 904 581 443 837 21 652 895 829 181 13 180 190 928 408 220 540 762 51 836 310 959 75 457
751 789 295 252 367 631 83 339 695 876 310 479 429 979 633 37 773 468 40 848 565 254 516 22
148 117 873 650 182 804 290 857 604 795 857 606 709 415 490 216 895 631 881 586 971 598 787 720
37 690 838 259 847 585 226 384 292 684 65 613 57 36 998 761 795 739 588 542 189 708 364 87
57 594 965 944 301 594 666 992 818 868 753 7 700 286 580 607 962 267 898 641 745 558 12 121
485 865 561 243 772 439 318 103 718 831 190 226 491 259 729 169 290 245 856 17 449 443 167 796
553 864 147 460 406 36 852 360 442 974 146 813 728 233 354 701 980 722 294 784 139 408 11 805
925 524 151 293 427 385 871 385 254 466 362 912 961 984 557 467 484 792 350 157 109 63 732 262
25 884 525 92 909 585 67 912 63 353 42 921 584 448 859 924 679 111 399 522 761 92 737 345
179 572 401 103 474 132 90 12 871 346 288 431 318 519 141 431 737 57 42 318 337 990 827 109
751 173 187 313 502 804 881 401 790 961 586 783 871 21 805 185 380 968 43 830 780 827 606 946
738 631 734 734 671 662 492 64 838 917 758 866 389 147 914 392 470 108 338 253 61 78 619 430
521 118 460 251 894 967 637 662 943 968 985 3 492 920 337 874 134 293 518 635 550 813 997 523
709 21 573 374 1000 60 505 465 873 591 814 31 985 445 146 619 881 347 406 543 234 795 603 368
296 986 772 512 702 483 587 787 33 184 277 936 558 25 781 987 389 783 635 570 892 264 965 163
557 168 67 609 705 907 529 150 323 711 501 638 67 411 745 564 945 412 342 33 507 474 483 827
401 117 609 267 9 634 269 666 523 940 456 792 192 735 852 882 696 763 382 467 536 250 685 462
124 963 654 691 741 740 982 360 881 712 724 710 579 923 263 499 200 511 690 772 817 128 544 814
754 817 67 83 84 132 585 414 875 900 430 743 757 633 852 159 948 307 676 116 226 860 112 243
447 559 981 316 134 78 809 570 337 969 705 757 436 999 639 22 819 698 803 954 381 330 986 906
630 433 510 16 753 991 119 169 384 323 344 531 985 733 324 178 662 42 715 766 981 178 368 153
841 106 663 398 746 516 968 546 869 838 527 199 175 384 157 950 462 592 564 365 601 664 732 352
460 128 813 453 936 214 169 782 290 261 737 86 520 776 687 694 781 160 426 892 18 580 350 637
788 937 399 359 957 381 387 25 362 389 286 544 763 947 126 85 422 41 935 837 383 239 211 296
166 846 713 207 847 801 5 871 690 197 52 644 371 102 346 130 526 102 516 709 836 842 61 791
94 680 928 408 756 464 897 532 268 330 339 826 69 399 789 361 545 217 875 197 359 767 614 634
530 961 753 373 350 567 845 767 717 630 992 870 775 590 767 976 778 450 610 937 962 566 163 599
844 832 337 338 735 306 632 821 498 621 143 786 491 825 949 871 447 667 91 231 524 717 121 3
98 127 328 427 972 284 60 829 518 100 232 483 970 155 27 819 487 496 997 332 849 427 253 40
632 253 213 315 505 559 409 443 851 283 198 317 251 529 820 269 508 790 140 144 784 23 599 388
121 812 321 91 85 630 99 641 510 147 961 887 374 324 345 494 633 18 470 453 446 729 365 583
586 116 145 183 9 910 570 952 475 896 588 659 843 707 598 61 154 266 386 27 912 868 278 872
30 30 844 443 741 464 633 593 425 724 790 307 684 368 72 875 207 733 761 203 918 783 186 553
668 794 78 759 257 74 811 226 869 285 616 845 144 420 260 257 922 927 292 824 413 26 893 1
943 759 570 782 668 909 429 334 636 541 499 926 376 504 666 790 733 950 79 606 30 597 506 884
769 187 4 644 963 351 469 432 912 906 35 905 682 396 79 923 814 558 569 315 801 283 803 290
716 552 175 753 931 762 440 606 274 855 128 526 119 664 129 559 826 909 240 349 694 391 380 743
78 992 510 33 598 248 793 105 435 414 387 326 573 147 370 95 433 154 672 582 788 410 585 348
18 843 357 217 746 704 621 960 624 200 925 136 598 333 427 671 285 319 896 573 171 413 520 536
250 415 670 28 346 675 680 871 825 930 926 257 608 893 946 580 408 108 138 501 877 211 593 141
950 436 977 383 963 846 966 844 309 561 635 183 248 946 373 87 218 580 369 424 437 590 408 797
846 821 784 953 480 193 389 287 162 493 648 977 5 816 814 136 595 844 279 725 874 136 994 874
692 694 775 690 697 76 272 580 761 483 639 642 399 359 492 665 709 199 571 846 208 479 628 448
566 829 468 183 637 846 724 314 394 210 916 112 319 119 574 525 576 391 714 670 803 959 780 14
695 918 201 941 632 729 116 709 474 633 439 697 329 883 349 221 509 897 529 143 123 46 925 947
765 351 587 963 512 48 193 920 47 592 183 108 19 408 59 956 935 404 260 14 731 23 247 927
896 410 833 195 477 73 569 224 543 288 994 401 729 381 857 720 274 910 7 779 591 754 487 806
754 60 541 741 460 35 634 313 968 583 309 457 212 887 684 392 818 111 659 193 11 554 451 659
477 738 900 912 84 110 117 176 990 278 397 843 74 941 55 91 829 978 722 950 794 474 943 992
385 819 391 501 503 395 823 297 608 783 983 176 42 873 28 252 283 721 661 400 424 535 129 335
655 682 395 849 729 196 316 159 371 864 412 318 414 606 860 170 977 526 664 389 355 703 594 709
425 530 343 600 255 149 542 265 330 358 735 43 238 124 126 975 935 759 949 594 741 654 607 692
12 385 291 212 49 975 666 182 176 56 343 997 63 672 287 281 329 538 7 946 163 611 357 58